series,timestamp,value,label
11A,2025-02-04T00:00:00Z,15.96,
11A,2025-02-04T00:00:15Z,15.96,
11A,2025-02-04T00:00:30Z,15.67,
11A,2025-02-04T00:00:45Z,14.71,
11A,2025-02-04T00:01:00Z,14.73,
11A,2025-02-04T00:01:15Z,13.78,
11A,2025-02-04T00:01:30Z,14.28,
11A,2025-02-04T00:01:45Z,14.41,
11A,2025-02-04T00:02:00Z,14.36,
11A,2025-02-04T00:02:15Z,14.369999999999996,
11A,2025-02-04T00:02:30Z,14.31,
11A,2025-02-04T00:02:45Z,14.36,
11A,2025-02-04T00:03:00Z,14.37,
11A,2025-02-04T00:03:15Z,14.43,
11A,2025-02-04T00:03:30Z,14.33,
11A,2025-02-04T00:03:45Z,15.37,
11A,2025-02-04T00:04:30Z,16.27,
11A,2025-02-04T00:04:45Z,16.71,
11A,2025-02-04T00:05:00Z,16.58,
11A,2025-02-04T00:05:15Z,16.46,
11A,2025-02-04T00:05:30Z,16.380000000000003,
11A,2025-02-04T00:05:45Z,16.34,
11A,2025-02-04T00:06:00Z,16.31,
11A,2025-02-04T00:06:15Z,16.28,
11A,2025-02-04T00:06:30Z,15.75,
11A,2025-02-04T00:06:45Z,15.79,
11A,2025-02-04T00:07:00Z,15.72,
11A,2025-02-04T00:07:15Z,15.73,
11A,2025-02-04T00:07:30Z,15.669999999999998,
11A,2025-02-04T00:07:45Z,15.7,
11A,2025-02-04T00:08:00Z,15.8,
11A,2025-02-04T00:08:15Z,14.81,
11A,2025-02-04T00:08:30Z,14.86,
11A,2025-02-04T00:08:45Z,18.95,
11A,2025-02-04T00:09:00Z,18.87,
11A,2025-02-04T00:09:15Z,18.65,
11A,2025-02-04T00:09:30Z,18.58,
11A,2025-02-04T00:09:45Z,18.56,
11A,2025-02-04T00:10:00Z,18.52,
11A,2025-02-04T00:10:15Z,18.52,
11A,2025-02-04T00:10:30Z,18.5,
11A,2025-02-04T00:10:45Z,18.47,
11A,2025-02-04T00:11:00Z,18.52,
11A,2025-02-04T00:11:15Z,19.51,
11A,2025-02-04T00:11:30Z,19.57,
11A,2025-02-04T00:11:45Z,19.53,
11A,2025-02-04T00:12:00Z,19.54,
11A,2025-02-04T00:12:15Z,19.49,
11A,2025-02-04T00:12:30Z,19.46,
11A,2025-02-04T00:12:45Z,19.51,
11A,2025-02-04T00:13:00Z,15.75,
11A,2025-02-04T00:13:15Z,16.32,
11A,2025-02-04T00:13:30Z,16.33,
11A,2025-02-04T00:13:45Z,15.68,
11A,2025-02-04T00:14:00Z,15.650000000000002,
11A,2025-02-04T00:14:15Z,15.669999999999998,
11A,2025-02-04T00:14:30Z,15.7,
11A,2025-02-04T00:14:45Z,15.93,
11A,2025-02-04T00:15:00Z,15.89,
11A,2025-02-04T00:15:15Z,14.32,
11A,2025-02-04T00:15:30Z,14.26,
11A,2025-02-04T00:15:45Z,14.3,
11A,2025-02-04T00:16:00Z,14.32,
11A,2025-02-04T00:16:15Z,14.15,
11A,2025-02-04T00:16:30Z,14.11,
11A,2025-02-04T00:16:45Z,14.07,
11A,2025-02-04T00:17:00Z,14.260000000000002,
11A,2025-02-04T00:17:15Z,13.36,
11A,2025-02-04T00:17:30Z,13.31,
11A,2025-02-04T00:17:45Z,13.22,
11A,2025-02-04T00:18:00Z,13.22,
11A,2025-02-04T00:18:15Z,14.07,
11A,2025-02-04T00:18:30Z,13.99,
11A,2025-02-04T00:18:45Z,13.99,
11A,2025-02-04T00:19:00Z,13.95,
11A,2025-02-04T00:19:15Z,13.97,
11A,2025-02-04T00:19:30Z,13.99,
11A,2025-02-04T00:19:45Z,13.93,
11A,2025-02-04T00:20:00Z,14.75,
11A,2025-02-04T00:20:15Z,15.89,
11A,2025-02-04T00:20:30Z,15.98,
11A,2025-02-04T00:20:45Z,15.81,
11A,2025-02-04T00:21:00Z,15.739999999999998,
11A,2025-02-04T00:21:15Z,15.69,
11A,2025-02-04T00:21:30Z,15.64,
11A,2025-02-04T00:21:45Z,15.66,
11A,2025-02-04T00:22:00Z,15.73,
11A,2025-02-04T00:22:15Z,19.78,
11A,2025-02-04T00:22:30Z,19.59,
11A,2025-02-04T00:22:45Z,19.34,
11A,2025-02-04T00:23:00Z,19.32,
11A,2025-02-04T00:23:15Z,19.34,
11A,2025-02-04T00:23:30Z,19.25,
11A,2025-02-04T00:23:45Z,19.26,
11A,2025-02-04T00:24:00Z,19.29,
11A,2025-02-04T00:24:15Z,19.3,
11A,2025-02-04T00:24:30Z,19.31,
11A,2025-02-04T00:24:45Z,19.39,
11A,2025-02-04T00:25:00Z,19.91,
11A,2025-02-04T00:25:15Z,19.87,
11A,2025-02-04T00:25:30Z,19.83,
11A,2025-02-04T00:25:45Z,19.79,
11A,2025-02-04T00:26:00Z,19.83,
11A,2025-02-04T00:26:15Z,18.79,
11A,2025-02-04T00:26:30Z,14.68,
11A,2025-02-04T00:26:45Z,14.64,
11A,2025-02-04T00:27:00Z,14.62,
11A,2025-02-04T00:27:15Z,14.65,
11A,2025-02-04T00:27:30Z,14.670000000000002,
11A,2025-02-04T00:27:45Z,14.75,
11A,2025-02-04T00:28:00Z,14.720000000000002,
11A,2025-02-04T00:28:15Z,14.72,
11A,2025-02-04T00:28:30Z,14.71,
11A,2025-02-04T00:28:45Z,14.75,
11A,2025-02-04T00:29:00Z,15.24,
11A,2025-02-04T00:29:15Z,16.35,
11A,2025-02-04T00:29:30Z,16.759999999999998,
11A,2025-02-04T00:29:45Z,16.36,
11A,2025-02-04T00:30:00Z,16.35,
11A,2025-02-04T00:30:15Z,16.22,
11A,2025-02-04T00:30:30Z,16.18,
11A,2025-02-04T00:30:45Z,16.24,
11A,2025-02-04T00:31:00Z,16.25,
11A,2025-02-04T00:31:15Z,16.2,
11A,2025-02-04T00:31:30Z,16.159999999999997,
11A,2025-02-04T00:31:45Z,16.2,
11A,2025-02-04T00:32:00Z,16.18,
11A,2025-02-04T00:32:15Z,16.48,
11A,2025-02-04T00:32:30Z,16.35,
11A,2025-02-04T00:32:45Z,16.330000000000002,
11A,2025-02-04T00:33:00Z,16.32,
11A,2025-02-04T00:33:15Z,16.279999999999998,
11A,2025-02-04T00:33:30Z,16.279999999999998,
11A,2025-02-04T00:33:45Z,16.330000000000002,
11A,2025-02-04T00:34:00Z,15.81,
11A,2025-02-04T00:34:15Z,15.77,
11A,2025-02-04T00:34:30Z,15.73,
11A,2025-02-04T00:34:45Z,15.759999999999998,
11A,2025-02-04T00:35:00Z,15.7,
11A,2025-02-04T00:35:15Z,15.73,
11A,2025-02-04T00:35:30Z,18.91,
11A,2025-02-04T00:35:45Z,19.8,
11A,2025-02-04T00:36:00Z,19.61,
11A,2025-02-04T00:36:15Z,19.37,
11A,2025-02-04T00:36:30Z,18.42,
11A,2025-02-04T00:36:45Z,18.47,
11A,2025-02-04T00:37:00Z,18.41,
11A,2025-02-04T00:37:15Z,18.450000000000003,
11A,2025-02-04T00:37:30Z,18.54,
11A,2025-02-04T00:37:45Z,18.52,
11A,2025-02-04T00:38:00Z,18.52,
11A,2025-02-04T00:38:15Z,16.79,
11A,2025-02-04T00:38:30Z,16.78,
11A,2025-02-04T00:38:45Z,16.669999999999998,
11A,2025-02-04T00:39:00Z,16.66,
11A,2025-02-04T00:39:15Z,16.64,
11A,2025-02-04T00:39:30Z,17.79,
11A,2025-02-04T00:39:45Z,14.010000000000002,
11A,2025-02-04T00:40:00Z,13.94,
11A,2025-02-04T00:40:15Z,14.04,
11A,2025-02-04T00:40:30Z,13.92,
11A,2025-02-04T00:40:45Z,14.15,
11A,2025-02-04T00:41:00Z,14.14,
11A,2025-02-04T00:41:15Z,14.080000000000002,
11A,2025-02-04T00:41:30Z,13.99,
11A,2025-02-04T00:41:45Z,14.010000000000002,
11A,2025-02-04T00:42:00Z,14.11,
11A,2025-02-04T00:42:15Z,14.0,
11A,2025-02-04T00:42:30Z,14.03,
11A,2025-02-04T00:42:45Z,14.71,
11A,2025-02-04T00:43:00Z,14.69,
11A,2025-02-04T00:43:15Z,14.66,
11A,2025-02-04T00:43:30Z,14.69,
11A,2025-02-04T00:43:45Z,14.59,
11A,2025-02-04T00:44:00Z,13.78,
11A,2025-02-04T00:44:15Z,13.760000000000002,
11A,2025-02-04T00:44:30Z,13.7,
11A,2025-02-04T00:44:45Z,13.75,
11A,2025-02-04T00:45:00Z,13.829999999999998,
11A,2025-02-04T00:45:15Z,13.78,
11A,2025-02-04T00:45:30Z,13.71,
11A,2025-02-04T00:45:45Z,13.760000000000002,
11A,2025-02-04T00:46:00Z,13.77,
11A,2025-02-04T00:46:15Z,13.739999999999998,
11A,2025-02-04T00:46:30Z,13.75,
11A,2025-02-04T00:46:45Z,13.72,
11A,2025-02-04T00:47:00Z,14.72,
11A,2025-02-04T00:47:15Z,15.72,
11A,2025-02-04T00:47:30Z,15.83,
11A,2025-02-04T00:47:45Z,15.73,
11A,2025-02-04T00:48:00Z,15.619999999999996,
11A,2025-02-04T00:48:15Z,15.599999999999998,
11A,2025-02-04T00:48:30Z,15.61,
11A,2025-02-04T00:48:45Z,15.65,
11A,2025-02-04T00:49:00Z,19.43,
11A,2025-02-04T00:49:15Z,19.69,
11A,2025-02-04T00:49:30Z,19.46,
11A,2025-02-04T00:49:45Z,19.44,
11A,2025-02-04T00:50:00Z,19.42,
11A,2025-02-04T00:50:15Z,19.37,
11A,2025-02-04T00:50:30Z,19.32,
11A,2025-02-04T00:50:45Z,19.34,
11A,2025-02-04T00:51:00Z,19.37,
11A,2025-02-04T00:51:15Z,19.37,
11A,2025-02-04T00:51:30Z,19.39,
11A,2025-02-04T00:51:45Z,19.48,
11A,2025-02-04T00:52:00Z,19.46,
11A,2025-02-04T00:52:15Z,19.37,
11A,2025-02-04T00:52:30Z,18.93,
11A,2025-02-04T00:52:45Z,18.4,
11A,2025-02-04T00:53:00Z,18.45,
11A,2025-02-04T00:53:15Z,14.71,
11A,2025-02-04T00:53:30Z,14.7,
11A,2025-02-04T00:53:45Z,14.68,
11A,2025-02-04T00:54:00Z,14.69,
11A,2025-02-04T00:54:15Z,14.760000000000002,
11A,2025-02-04T00:54:30Z,14.71,
11A,2025-02-04T00:54:45Z,14.73,
11A,2025-02-04T00:55:00Z,14.760000000000002,
11A,2025-02-04T00:55:15Z,14.829999999999998,
11A,2025-02-04T00:55:30Z,15.560000000000002,
11A,2025-02-04T00:55:45Z,15.83,
11A,2025-02-04T00:56:00Z,16.4,
11A,2025-02-04T00:56:15Z,16.44,
11A,2025-02-04T00:56:30Z,16.41,
11A,2025-02-04T00:56:45Z,16.32,
11A,2025-02-04T00:57:00Z,16.35,
11A,2025-02-04T00:57:15Z,16.42,
11A,2025-02-04T00:57:30Z,16.42,
11A,2025-02-04T00:57:45Z,16.490000000000002,
11A,2025-02-04T00:58:00Z,16.479999999999997,
11A,2025-02-04T00:58:15Z,16.46,
11A,2025-02-04T00:58:30Z,16.43,
11A,2025-02-04T00:58:45Z,16.41,
11A,2025-02-04T00:59:00Z,16.37,
11A,2025-02-04T00:59:15Z,16.41,
11A,2025-02-04T00:59:30Z,16.410000000000004,
11A,2025-02-04T00:59:45Z,16.37,
11A,2025-02-04T01:00:00Z,16.38,
11A,2025-02-04T01:00:15Z,16.39,
11A,2025-02-04T01:00:30Z,16.4,
11A,2025-02-04T01:00:45Z,15.92,
11A,2025-02-04T01:01:00Z,15.89,
11A,2025-02-04T01:01:15Z,14.93,
11A,2025-02-04T01:01:30Z,14.220000000000002,
11A,2025-02-04T01:01:45Z,14.27,
11A,2025-02-04T01:02:00Z,14.13,
11A,2025-02-04T01:02:15Z,17.869999999999997,
11A,2025-02-04T01:02:30Z,18.21,
11A,2025-02-04T01:02:45Z,18.47,
11A,2025-02-04T01:03:00Z,18.4,
11A,2025-02-04T01:03:15Z,18.35,
11A,2025-02-04T01:03:30Z,18.27,
11A,2025-02-04T01:03:45Z,18.28,
11A,2025-02-04T01:04:00Z,17.78,
11A,2025-02-04T01:04:15Z,19.46,
11A,2025-02-04T01:04:30Z,19.38,
11A,2025-02-04T01:04:45Z,19.39,
11A,2025-02-04T01:05:00Z,18.36,
11A,2025-02-04T01:05:15Z,18.19,
11A,2025-02-04T01:05:30Z,18.19,
11A,2025-02-04T01:05:45Z,18.05,
11A,2025-02-04T01:06:00Z,18.3,
11A,2025-02-04T01:06:15Z,14.59,
11A,2025-02-04T01:06:30Z,14.56,
11A,2025-02-04T01:06:45Z,14.52,
11A,2025-02-04T01:07:00Z,14.49,
11A,2025-02-04T01:07:15Z,14.55,
11A,2025-02-04T01:07:30Z,14.62,
11A,2025-02-04T01:07:45Z,14.54,
11A,2025-02-04T01:08:00Z,14.6,
11A,2025-02-04T01:08:15Z,14.63,
11A,2025-02-04T01:08:30Z,14.670000000000002,
11A,2025-02-04T01:08:45Z,14.53,
11A,2025-02-04T01:09:00Z,13.7,
11A,2025-02-04T01:09:15Z,13.76,
11A,2025-02-04T01:09:30Z,13.75,
11A,2025-02-04T01:09:45Z,13.83,
11A,2025-02-04T01:10:00Z,13.75,
11A,2025-02-04T01:10:15Z,13.8,
11A,2025-02-04T01:10:30Z,13.760000000000002,
11A,2025-02-04T01:10:45Z,13.79,
11A,2025-02-04T01:11:00Z,13.79,
11A,2025-02-04T01:11:15Z,13.760000000000002,
11A,2025-02-04T01:11:30Z,13.72,
11A,2025-02-04T01:11:45Z,13.739999999999998,
11A,2025-02-04T01:12:00Z,14.8,
11A,2025-02-04T01:12:15Z,14.79,
11A,2025-02-04T01:12:30Z,14.82,
11A,2025-02-04T01:12:45Z,14.82,
11A,2025-02-04T01:13:00Z,14.7,
11A,2025-02-04T01:13:15Z,14.69,
11A,2025-02-04T01:13:30Z,14.68,
11A,2025-02-04T01:13:45Z,14.9,
11A,2025-02-04T01:14:00Z,15.820000000000002,
11A,2025-02-04T01:14:15Z,15.87,
11A,2025-02-04T01:14:30Z,15.82,
11A,2025-02-04T01:14:45Z,15.78,
11A,2025-02-04T01:15:00Z,15.75,
11A,2025-02-04T01:15:15Z,19.59,
11A,2025-02-04T01:15:30Z,19.75,
11A,2025-02-04T01:15:45Z,19.58,
11A,2025-02-04T01:16:00Z,19.52,
11A,2025-02-04T01:16:15Z,19.58,
11A,2025-02-04T01:16:30Z,18.5,
11A,2025-02-04T01:16:45Z,18.44,
11A,2025-02-04T01:17:00Z,18.4,
11A,2025-02-04T01:17:15Z,18.49,
11A,2025-02-04T01:17:30Z,18.56,
11A,2025-02-04T01:17:45Z,18.61,
11A,2025-02-04T01:18:00Z,18.54,
11A,2025-02-04T01:18:15Z,18.57,
11A,2025-02-04T01:18:30Z,18.57,
11A,2025-02-04T01:18:45Z,18.64,
11A,2025-02-04T01:19:00Z,18.61,
11A,2025-02-04T01:19:15Z,18.57,
11A,2025-02-04T01:19:30Z,15.919999999999998,
11A,2025-02-04T01:19:45Z,16.049999999999997,
11A,2025-02-04T01:20:00Z,16.02,
11A,2025-02-04T01:20:15Z,15.990000000000002,
11A,2025-02-04T01:20:30Z,15.989999999999998,
11A,2025-02-04T01:20:45Z,15.86,
11A,2025-02-04T01:21:00Z,15.75,
11A,2025-02-04T01:21:15Z,15.77,
11A,2025-02-04T01:21:30Z,15.84,
11A,2025-02-04T01:21:45Z,15.82,
11A,2025-02-04T01:22:00Z,15.88,
11A,2025-02-04T01:22:15Z,15.91,
11A,2025-02-04T01:22:30Z,16.619999999999997,
11A,2025-02-04T01:22:45Z,16.57,
11A,2025-02-04T01:23:00Z,16.51,
11A,2025-02-04T01:23:15Z,16.48,
11A,2025-02-04T01:23:30Z,16.42,
11A,2025-02-04T01:23:45Z,16.439999999999998,
11A,2025-02-04T01:24:00Z,16.41,
11A,2025-02-04T01:24:15Z,16.42,
11A,2025-02-04T01:24:30Z,14.5,
11A,2025-02-04T01:24:45Z,14.71,
11A,2025-02-04T01:25:00Z,14.720000000000002,
11A,2025-02-04T01:25:15Z,14.71,
11A,2025-02-04T01:25:30Z,13.97,
11A,2025-02-04T01:25:45Z,13.98,
11A,2025-02-04T01:26:00Z,13.9,
11A,2025-02-04T01:26:15Z,13.96,
11A,2025-02-04T01:26:30Z,14.2,
11A,2025-02-04T01:26:45Z,14.23,
11A,2025-02-04T01:27:00Z,14.18,
11A,2025-02-04T01:27:15Z,14.16,
11A,2025-02-04T01:27:30Z,14.48,
11A,2025-02-04T01:27:45Z,14.75,
11A,2025-02-04T01:28:00Z,14.71,
11A,2025-02-04T01:28:15Z,14.71,
11A,2025-02-04T01:28:30Z,18.55,
11A,2025-02-04T01:28:45Z,18.44,
11A,2025-02-04T01:29:00Z,18.28,
11A,2025-02-04T01:29:15Z,18.11,
11A,2025-02-04T01:29:30Z,18.07,
11A,2025-02-04T01:29:45Z,17.97,
11A,2025-02-04T01:30:00Z,17.939999999999998,
11A,2025-02-04T01:30:15Z,17.91,
11A,2025-02-04T01:30:30Z,18.72,
11A,2025-02-04T01:30:45Z,18.67,
11A,2025-02-04T01:31:00Z,19.68,
11A,2025-02-04T01:31:15Z,19.76,
11A,2025-02-04T01:31:30Z,19.7,
11A,2025-02-04T01:31:45Z,19.700000000000003,
11A,2025-02-04T01:32:00Z,19.69,
11A,2025-02-04T01:32:15Z,19.72,
11A,2025-02-04T01:32:30Z,16.1,
11A,2025-02-04T01:32:45Z,15.02,
11A,2025-02-04T01:33:00Z,15.060000000000002,
11A,2025-02-04T01:33:15Z,15.080000000000002,
11A,2025-02-04T01:33:30Z,15.07,
11A,2025-02-04T01:33:45Z,15.1,
11A,2025-02-04T01:34:00Z,15.09,
11A,2025-02-04T01:34:15Z,15.09,
11A,2025-02-04T01:34:30Z,15.02,
11A,2025-02-04T01:34:45Z,15.03,
11A,2025-02-04T01:35:00Z,15.19,
11A,2025-02-04T01:35:15Z,15.07,
11A,2025-02-04T01:35:30Z,15.46,
11A,2025-02-04T01:35:45Z,16.16,
11A,2025-02-04T01:36:00Z,16.11,
11A,2025-02-04T01:36:15Z,16.1,
11A,2025-02-04T01:36:30Z,16.05,
11A,2025-02-04T01:36:45Z,15.95,
11A,2025-02-04T01:37:00Z,15.91,
11A,2025-02-04T01:37:15Z,15.9,
11A,2025-02-04T01:37:30Z,15.91,
11A,2025-02-04T01:37:45Z,15.85,
11A,2025-02-04T01:38:00Z,15.829999999999998,
11A,2025-02-04T01:38:15Z,15.75,
11A,2025-02-04T01:38:30Z,15.92,
11A,2025-02-04T01:38:45Z,15.510000000000002,
11A,2025-02-04T01:39:00Z,15.62,
11A,2025-02-04T01:39:15Z,15.69,
11A,2025-02-04T01:39:30Z,15.740000000000002,
11A,2025-02-04T01:39:45Z,15.93,
11A,2025-02-04T01:40:00Z,15.829999999999998,
11A,2025-02-04T01:40:15Z,15.8,
11A,2025-02-04T01:40:30Z,15.880000000000004,
11A,2025-02-04T01:40:45Z,14.82,
11A,2025-02-04T01:41:00Z,15.22,
11A,2025-02-04T01:41:15Z,15.24,
11A,2025-02-04T01:41:30Z,15.249999999999998,
11A,2025-02-04T01:41:45Z,19.31,
11A,2025-02-04T01:42:00Z,19.25,
11A,2025-02-04T01:42:15Z,19.02,
11A,2025-02-04T01:42:30Z,18.49,
11A,2025-02-04T01:42:45Z,18.58,
11A,2025-02-04T01:43:00Z,18.54,
11A,2025-02-04T01:43:15Z,18.48,
11A,2025-02-04T01:43:30Z,18.41,
11A,2025-02-04T01:43:45Z,19.54,
11A,2025-02-04T01:44:00Z,19.56,
11A,2025-02-04T01:44:15Z,19.43,
11A,2025-02-04T01:44:30Z,19.65,
11A,2025-02-04T01:44:45Z,19.43,
11A,2025-02-04T01:45:00Z,19.47,
11A,2025-02-04T01:45:15Z,19.51,
11A,2025-02-04T01:45:30Z,19.450000000000003,
11A,2025-02-04T01:45:45Z,19.47,
11A,2025-02-04T01:46:00Z,17.03,
11A,2025-02-04T01:46:15Z,16.36,
11A,2025-02-04T01:46:30Z,16.310000000000002,
11A,2025-02-04T01:46:45Z,16.36,
11A,2025-02-04T01:47:00Z,16.35,
11A,2025-02-04T01:47:15Z,16.369999999999997,
11A,2025-02-04T01:47:30Z,16.41,
11A,2025-02-04T01:47:45Z,15.93,
11A,2025-02-04T01:48:00Z,15.94,
11A,2025-02-04T01:48:15Z,15.93,
11A,2025-02-04T01:48:30Z,15.88,
11A,2025-02-04T01:48:45Z,15.89,
11A,2025-02-04T01:49:00Z,14.22,
11A,2025-02-04T01:49:15Z,14.260000000000002,
11A,2025-02-04T01:49:30Z,13.14,
11A,2025-02-04T01:49:45Z,13.72,
11A,2025-02-04T01:50:00Z,13.8,
11A,2025-02-04T01:50:15Z,13.76,
11A,2025-02-04T01:50:30Z,13.76,
11A,2025-02-04T01:50:45Z,13.77,
11A,2025-02-04T01:51:00Z,13.7,
11A,2025-02-04T01:51:15Z,13.71,
11A,2025-02-04T01:51:30Z,13.82,
11A,2025-02-04T01:51:45Z,13.739999999999998,
11A,2025-02-04T01:52:00Z,14.8,
11A,2025-02-04T01:52:15Z,14.86,
11A,2025-02-04T01:52:30Z,14.7,
11A,2025-02-04T01:52:45Z,14.7,
11A,2025-02-04T01:53:00Z,14.69,
11A,2025-02-04T01:53:15Z,14.68,
11A,2025-02-04T01:53:30Z,15.37,
11A,2025-02-04T01:53:45Z,15.52,
11A,2025-02-04T01:54:00Z,15.41,
11A,2025-02-04T01:54:15Z,15.41,
11A,2025-02-04T01:54:30Z,15.38,
11A,2025-02-04T01:54:45Z,14.91,
11A,2025-02-04T01:55:00Z,24.6,
11A,2025-02-04T01:55:15Z,19.01,
11A,2025-02-04T01:55:30Z,19.0,
11A,2025-02-04T01:55:45Z,18.76,
11A,2025-02-04T01:56:00Z,18.66,
11A,2025-02-04T01:56:15Z,17.810000000000002,
11A,2025-02-04T01:56:30Z,17.78,
11A,2025-02-04T01:56:45Z,17.62,
11A,2025-02-04T01:57:00Z,17.580000000000002,
11A,2025-02-04T01:57:15Z,17.72,
11A,2025-02-04T01:57:30Z,18.65,
11A,2025-02-04T01:57:45Z,18.7,
11A,2025-02-04T01:58:00Z,18.65,
11A,2025-02-04T01:58:15Z,18.65,
11A,2025-02-04T01:58:30Z,18.53,
11A,2025-02-04T01:58:45Z,18.51,
11A,2025-02-04T01:59:00Z,18.47,
11A,2025-02-04T01:59:15Z,15.9,
11A,2025-02-04T01:59:30Z,15.97,
11A,2025-02-04T01:59:45Z,15.87,
11A,2025-02-04T02:00:00Z,15.86,
11A,2025-02-04T02:00:15Z,15.8,
11A,2025-02-04T02:00:30Z,14.840000000000002,
11A,2025-02-04T02:00:45Z,14.84,
11A,2025-02-04T02:01:00Z,14.78,
11A,2025-02-04T02:01:15Z,14.79,
11A,2025-02-04T02:01:30Z,14.8,
11A,2025-02-04T02:01:45Z,14.82,
11A,2025-02-04T02:02:00Z,14.82,
11A,2025-02-04T02:02:15Z,14.86,
11A,2025-02-04T02:02:30Z,14.84,
11A,2025-02-04T02:02:45Z,15.11,
11A,2025-02-04T02:03:00Z,14.99,
11A,2025-02-04T02:03:15Z,14.98,
11A,2025-02-04T02:03:30Z,14.97,
11A,2025-02-04T02:03:45Z,15.01,
11A,2025-02-04T02:04:00Z,15.77,
11A,2025-02-04T02:04:15Z,15.05,
11A,2025-02-04T02:04:30Z,14.91,
11A,2025-02-04T02:04:45Z,14.85,
11A,2025-02-04T02:05:00Z,14.86,
11A,2025-02-04T02:05:15Z,14.82,
11A,2025-02-04T02:05:30Z,14.79,
11A,2025-02-04T02:05:45Z,14.84,
11A,2025-02-04T02:06:00Z,14.8,
11A,2025-02-04T02:06:15Z,14.79,
11A,2025-02-04T02:06:30Z,14.81,
11A,2025-02-04T02:06:45Z,14.829999999999998,
11A,2025-02-04T02:07:00Z,14.89,
11A,2025-02-04T02:07:15Z,15.92,
11A,2025-02-04T02:07:30Z,15.93,
11A,2025-02-04T02:07:45Z,15.91,
11A,2025-02-04T02:08:00Z,15.82,
11A,2025-02-04T02:08:15Z,19.53,
11A,2025-02-04T02:08:30Z,19.83,
11A,2025-02-04T02:08:45Z,19.66,
11A,2025-02-04T02:09:00Z,19.56,
11A,2025-02-04T02:09:15Z,19.61,
11A,2025-02-04T02:09:30Z,19.54,
11A,2025-02-04T02:09:45Z,19.6,
11A,2025-02-04T02:10:00Z,19.58,
11A,2025-02-04T02:10:15Z,19.6,
11A,2025-02-04T02:10:30Z,19.55,
11A,2025-02-04T02:10:45Z,19.63,
11A,2025-02-04T02:11:00Z,19.53,
11A,2025-02-04T02:11:15Z,19.56,
11A,2025-02-04T02:11:30Z,19.6,
11A,2025-02-04T02:11:45Z,19.56,
11A,2025-02-04T02:12:00Z,19.58,
11A,2025-02-04T02:12:15Z,19.59,
11A,2025-02-04T02:12:30Z,15.19,
11A,2025-02-04T02:12:45Z,15.18,
11A,2025-02-04T02:13:00Z,15.23,
11A,2025-02-04T02:13:15Z,15.080000000000002,
11A,2025-02-04T02:13:30Z,15.19,
11A,2025-02-04T02:13:45Z,14.14,
11A,2025-02-04T02:14:00Z,14.4,
11A,2025-02-04T02:14:15Z,14.52,
11A,2025-02-04T02:14:30Z,14.759999999999998,
11A,2025-02-04T02:14:45Z,14.670000000000002,
11A,2025-02-04T02:15:00Z,14.54,
11A,2025-02-04T02:15:15Z,14.55,
11A,2025-02-04T02:15:30Z,14.53,
11A,2025-02-04T02:15:45Z,14.48,
11A,2025-02-04T02:16:00Z,14.49,
11A,2025-02-04T02:16:15Z,14.43,
11A,2025-02-04T02:16:30Z,14.36,
11A,2025-02-04T02:16:45Z,15.98,
11A,2025-02-04T02:17:00Z,16.0,
11A,2025-02-04T02:17:15Z,16.07,
11A,2025-02-04T02:17:30Z,16.580000000000002,
11A,2025-02-04T02:17:45Z,16.5,
11A,2025-02-04T02:18:00Z,16.450000000000003,
11A,2025-02-04T02:18:15Z,16.39,
11A,2025-02-04T02:18:30Z,16.34,
11A,2025-02-04T02:18:45Z,16.490000000000002,
11A,2025-02-04T02:19:00Z,16.56,
11A,2025-02-04T02:19:15Z,16.55,
11A,2025-02-04T02:19:30Z,16.47,
11A,2025-02-04T02:19:45Z,16.55,
11A,2025-02-04T02:20:00Z,16.35,
11A,2025-02-04T02:20:15Z,16.380000000000003,
11A,2025-02-04T02:20:30Z,16.419999999999998,
11A,2025-02-04T02:20:45Z,16.39,
11A,2025-02-04T02:21:00Z,15.82,
11A,2025-02-04T02:21:15Z,17.82,
11A,2025-02-04T02:21:30Z,18.7,
11A,2025-02-04T02:21:45Z,18.21,
11A,2025-02-04T02:22:00Z,18.2,
11A,2025-02-04T02:22:15Z,18.16,
11A,2025-02-04T02:22:30Z,17.52,
11A,2025-02-04T02:22:45Z,17.57,
11A,2025-02-04T02:23:00Z,17.57,
11A,2025-02-04T02:23:15Z,17.63,
11A,2025-02-04T02:23:30Z,17.68,
11A,2025-02-04T02:23:45Z,17.61,
11A,2025-02-04T02:24:00Z,17.45,
11A,2025-02-04T02:24:15Z,18.5,
11A,2025-02-04T02:24:30Z,18.56,
11A,2025-02-04T02:24:45Z,18.74,
11A,2025-02-04T02:25:00Z,18.590000000000003,
11A,2025-02-04T02:25:15Z,18.44,
11A,2025-02-04T02:25:30Z,18.47,
11A,2025-02-04T02:25:45Z,14.82,
11A,2025-02-04T02:26:00Z,14.77,
11A,2025-02-04T02:26:15Z,14.79,
11A,2025-02-04T02:26:30Z,14.77,
11A,2025-02-04T02:26:45Z,14.75,
11A,2025-02-04T02:27:00Z,14.759999999999998,
11A,2025-02-04T02:27:15Z,14.79,
11A,2025-02-04T02:27:30Z,15.0,
11A,2025-02-04T02:27:45Z,15.1,
11A,2025-02-04T02:28:00Z,15.010000000000002,
11A,2025-02-04T02:28:15Z,14.98,
11A,2025-02-04T02:28:30Z,14.98,
11A,2025-02-04T02:28:45Z,14.98,
11A,2025-02-04T02:29:00Z,15.25,
11A,2025-02-04T02:29:15Z,15.05,
11A,2025-02-04T02:29:30Z,15.02,
11A,2025-02-04T02:29:45Z,14.89,
11A,2025-02-04T02:30:00Z,14.9,
11A,2025-02-04T02:30:15Z,14.869999999999996,
11A,2025-02-04T02:30:30Z,14.88,
11A,2025-02-04T02:30:45Z,14.91,
11A,2025-02-04T02:31:00Z,14.92,
11A,2025-02-04T02:31:15Z,14.95,
11A,2025-02-04T02:31:30Z,14.93,
11A,2025-02-04T02:31:45Z,14.91,
11A,2025-02-04T02:32:00Z,14.75,
11A,2025-02-04T02:32:15Z,14.97,
11A,2025-02-04T02:32:30Z,14.98,
11A,2025-02-04T02:32:45Z,14.88,
11A,2025-02-04T02:33:00Z,14.97,
11A,2025-02-04T02:33:15Z,15.59,
11A,2025-02-04T02:33:30Z,15.53,
11A,2025-02-04T02:33:45Z,15.590000000000002,
11A,2025-02-04T02:34:00Z,15.6,
11A,2025-02-04T02:34:15Z,15.53,
11A,2025-02-04T02:34:30Z,14.86,
11A,2025-02-04T02:34:45Z,18.89,
11A,2025-02-04T02:35:00Z,18.75,
11A,2025-02-04T02:35:15Z,18.01,
11A,2025-02-04T02:35:30Z,18.96,
11A,2025-02-04T02:35:45Z,18.95,
11A,2025-02-04T02:36:00Z,18.97,
11A,2025-02-04T02:36:15Z,18.85,
11A,2025-02-04T02:36:30Z,17.91,
11A,2025-02-04T02:36:45Z,17.91,
11A,2025-02-04T02:37:00Z,17.99,
11A,2025-02-04T02:37:15Z,18.02,
11A,2025-02-04T02:37:30Z,18.02,
11A,2025-02-04T02:37:45Z,18.0,
11A,2025-02-04T02:38:00Z,17.97,
11A,2025-02-04T02:38:15Z,17.98,
11A,2025-02-04T02:38:30Z,17.98,
11A,2025-02-04T02:38:45Z,14.33,
11A,2025-02-04T02:39:00Z,15.01,
11A,2025-02-04T02:39:15Z,15.11,
11A,2025-02-04T02:39:30Z,16.14,
11A,2025-02-04T02:39:45Z,16.35,
11A,2025-02-04T02:40:00Z,16.18,
11A,2025-02-04T02:40:15Z,16.26,
11A,2025-02-04T02:40:30Z,16.27,
11A,2025-02-04T02:40:45Z,16.23,
11A,2025-02-04T02:41:00Z,16.08,
11A,2025-02-04T02:41:15Z,16.13,
11A,2025-02-04T02:41:30Z,16.11,
11A,2025-02-04T02:41:45Z,15.810000000000002,
11A,2025-02-04T02:42:00Z,14.85,
11A,2025-02-04T02:42:15Z,14.77,
11A,2025-02-04T02:42:30Z,14.8,
11A,2025-02-04T02:42:45Z,14.810000000000002,
11A,2025-02-04T02:43:00Z,14.84,
11A,2025-02-04T02:43:15Z,15.35,
11A,2025-02-04T02:43:30Z,15.3,
11A,2025-02-04T02:43:45Z,15.35,
11A,2025-02-04T02:44:00Z,15.3,
11A,2025-02-04T02:44:15Z,15.45,
11A,2025-02-04T02:44:30Z,15.52,
11A,2025-02-04T02:44:45Z,15.51,
11A,2025-02-04T02:45:00Z,15.43,
11A,2025-02-04T02:45:15Z,15.41,
11A,2025-02-04T02:45:30Z,14.45,
11A,2025-02-04T02:45:45Z,14.46,
11A,2025-02-04T02:46:00Z,15.35,
11A,2025-02-04T02:46:15Z,15.44,
11A,2025-02-04T02:46:30Z,15.47,
11A,2025-02-04T02:46:45Z,15.35,
11A,2025-02-04T02:47:00Z,15.36,
11A,2025-02-04T02:47:15Z,15.28,
11A,2025-02-04T02:47:30Z,15.3,
11A,2025-02-04T02:47:45Z,19.31,
11A,2025-02-04T02:48:00Z,19.2,
11A,2025-02-04T02:48:15Z,18.6,
11A,2025-02-04T02:48:30Z,19.58,
11A,2025-02-04T02:48:45Z,19.54,
11A,2025-02-04T02:49:00Z,19.53,
11A,2025-02-04T02:49:15Z,19.410000000000004,
11A,2025-02-04T02:49:30Z,19.48,
11A,2025-02-04T02:49:45Z,19.44,
11A,2025-02-04T02:50:00Z,19.56,
11A,2025-02-04T02:50:15Z,19.45,
11A,2025-02-04T02:50:30Z,19.44,
11A,2025-02-04T02:50:45Z,19.42,
11A,2025-02-04T02:51:00Z,19.48,
11A,2025-02-04T02:51:15Z,19.48,
11A,2025-02-04T02:51:30Z,19.36,
11A,2025-02-04T02:51:45Z,15.86,
11A,2025-02-04T02:52:00Z,15.760000000000002,
11A,2025-02-04T02:52:15Z,15.790000000000004,
11A,2025-02-04T02:52:30Z,15.79,
11A,2025-02-04T02:52:45Z,15.78,
11A,2025-02-04T02:53:00Z,14.829999999999998,
11A,2025-02-04T02:53:15Z,14.79,
11A,2025-02-04T02:53:30Z,14.939999999999998,
11A,2025-02-04T02:53:45Z,15.010000000000002,
11A,2025-02-04T02:54:00Z,15.010000000000002,
11A,2025-02-04T02:54:15Z,15.009999999999998,
11A,2025-02-04T02:54:30Z,15.010000000000002,
11A,2025-02-04T02:54:45Z,15.11,
11A,2025-02-04T02:55:00Z,15.06,
11A,2025-02-04T02:55:15Z,15.11,
11A,2025-02-04T02:55:30Z,14.89,
11A,2025-02-04T02:55:45Z,14.81,
11A,2025-02-04T02:56:00Z,16.02,
11A,2025-02-04T02:56:15Z,16.08,
11A,2025-02-04T02:56:30Z,16.06,
11A,2025-02-04T02:56:45Z,16.02,
11A,2025-02-04T02:57:00Z,15.830000000000002,
11A,2025-02-04T02:57:15Z,15.95,
11A,2025-02-04T02:57:30Z,16.020000000000003,
11A,2025-02-04T02:57:45Z,16.05,
11A,2025-02-04T02:58:00Z,16.04,
11A,2025-02-04T02:58:15Z,16.0,
11A,2025-02-04T02:58:30Z,15.97,
11A,2025-02-04T02:58:45Z,16.020000000000003,
11A,2025-02-04T02:59:00Z,16.01,
11A,2025-02-04T02:59:15Z,15.86,
11A,2025-02-04T02:59:30Z,15.25,
11A,2025-02-04T02:59:45Z,15.25,
11A,2025-02-04T03:00:00Z,15.23,
11A,2025-02-04T03:00:15Z,15.23,
11A,2025-02-04T03:00:30Z,15.170000000000002,
11A,2025-02-04T03:00:45Z,18.290000000000003,
11A,2025-02-04T03:01:00Z,18.25,
11A,2025-02-04T03:01:15Z,18.54,
11A,2025-02-04T03:01:30Z,18.44,
11A,2025-02-04T03:01:45Z,18.49,
11A,2025-02-04T03:02:00Z,18.42,
11A,2025-02-04T03:02:15Z,18.48,
11A,2025-02-04T03:02:30Z,18.58,
11A,2025-02-04T03:02:45Z,18.07,
11A,2025-02-04T03:03:00Z,18.08,
11A,2025-02-04T03:03:15Z,18.09,
11A,2025-02-04T03:03:30Z,18.75,
11A,2025-02-04T03:03:45Z,19.700000000000003,
11A,2025-02-04T03:04:00Z,19.76,
11A,2025-02-04T03:04:15Z,19.72,
11A,2025-02-04T03:04:30Z,19.61,
11A,2025-02-04T03:04:45Z,15.95,
11A,2025-02-04T03:05:00Z,15.919999999999998,
11A,2025-02-04T03:05:15Z,15.94,
11A,2025-02-04T03:05:30Z,15.87,
11A,2025-02-04T03:05:45Z,15.87,
11A,2025-02-04T03:06:00Z,15.79,
11A,2025-02-04T03:06:15Z,14.77,
11A,2025-02-04T03:06:30Z,14.72,
11A,2025-02-04T03:06:45Z,14.79,
11A,2025-02-04T03:07:00Z,14.77,
11A,2025-02-04T03:07:15Z,14.75,
11A,2025-02-04T03:07:30Z,14.760000000000002,
11A,2025-02-04T03:07:45Z,14.73,
11A,2025-02-04T03:08:00Z,14.69,
11A,2025-02-04T03:08:15Z,14.72,
11A,2025-02-04T03:08:30Z,14.82,
11A,2025-02-04T03:08:45Z,14.75,
11A,2025-02-04T03:09:00Z,14.72,
11A,2025-02-04T03:09:15Z,14.74,
11A,2025-02-04T03:09:30Z,13.8,
11A,2025-02-04T03:09:45Z,13.85,
11A,2025-02-04T03:10:00Z,13.84,
11A,2025-02-04T03:10:15Z,14.37,
11A,2025-02-04T03:10:30Z,14.310000000000002,
11A,2025-02-04T03:10:45Z,14.47,
11A,2025-02-04T03:11:00Z,14.46,
11A,2025-02-04T03:11:15Z,14.47,
11A,2025-02-04T03:11:30Z,14.45,
11A,2025-02-04T03:11:45Z,14.35,
11A,2025-02-04T03:12:00Z,14.39,
11A,2025-02-04T03:12:15Z,14.94,
11A,2025-02-04T03:12:30Z,15.37,
11A,2025-02-04T03:12:45Z,15.38,
11A,2025-02-04T03:13:00Z,15.34,
11A,2025-02-04T03:13:15Z,15.34,
11A,2025-02-04T03:13:30Z,15.29,
11A,2025-02-04T03:13:45Z,15.16,
11A,2025-02-04T03:14:00Z,19.26,
11A,2025-02-04T03:14:15Z,19.29,
11A,2025-02-04T03:14:30Z,18.91,
11A,2025-02-04T03:14:45Z,18.9,
11A,2025-02-04T03:15:00Z,18.31,
11A,2025-02-04T03:15:15Z,19.39,
11A,2025-02-04T03:15:30Z,19.41,
11A,2025-02-04T03:15:45Z,19.32,
11A,2025-02-04T03:16:00Z,19.32,
11A,2025-02-04T03:16:15Z,19.29,
11A,2025-02-04T03:16:30Z,18.36,
11A,2025-02-04T03:16:45Z,18.33,
11A,2025-02-04T03:17:00Z,18.4,
11A,2025-02-04T03:17:15Z,18.24,
11A,2025-02-04T03:17:30Z,18.31,
11A,2025-02-04T03:17:45Z,18.29,
11A,2025-02-04T03:18:00Z,18.47,
11A,2025-02-04T03:18:15Z,13.82,
11A,2025-02-04T03:18:30Z,13.72,
11A,2025-02-04T03:18:45Z,13.75,
11A,2025-02-04T03:19:00Z,13.78,
11A,2025-02-04T03:19:15Z,13.77,
11A,2025-02-04T03:19:30Z,14.75,
11A,2025-02-04T03:19:45Z,14.14,
11A,2025-02-04T03:20:00Z,14.07,
11A,2025-02-04T03:20:15Z,14.010000000000002,
11A,2025-02-04T03:20:30Z,13.96,
11A,2025-02-04T03:20:45Z,13.97,
11A,2025-02-04T03:21:00Z,13.93,
11A,2025-02-04T03:21:15Z,15.1,
11A,2025-02-04T03:21:30Z,15.13,
11A,2025-02-04T03:21:45Z,15.11,
11A,2025-02-04T03:22:00Z,15.0,
11A,2025-02-04T03:22:15Z,14.98,
11A,2025-02-04T03:22:30Z,14.869999999999996,
11A,2025-02-04T03:22:45Z,14.86,
11A,2025-02-04T03:23:00Z,14.95,
11A,2025-02-04T03:23:15Z,14.920000000000002,
11A,2025-02-04T03:23:30Z,14.9,
11A,2025-02-04T03:23:45Z,14.990000000000002,
11A,2025-02-04T03:24:00Z,15.02,
11A,2025-02-04T03:24:15Z,13.97,
11A,2025-02-04T03:24:30Z,13.9,
11A,2025-02-04T03:24:45Z,15.16,
11A,2025-02-04T03:25:00Z,14.25,
11A,2025-02-04T03:25:15Z,14.29,
11A,2025-02-04T03:25:30Z,14.2,
11A,2025-02-04T03:25:45Z,14.18,
11A,2025-02-04T03:26:00Z,14.22,
11A,2025-02-04T03:26:15Z,14.26,
11A,2025-02-04T03:26:30Z,13.579999999999998,
11A,2025-02-04T03:26:45Z,13.61,
11A,2025-02-04T03:27:00Z,13.63,
11A,2025-02-04T03:27:15Z,14.7,
11A,2025-02-04T03:27:30Z,19.22,
11A,2025-02-04T03:27:45Z,18.9,
11A,2025-02-04T03:28:00Z,19.45,
11A,2025-02-04T03:28:15Z,19.55,
11A,2025-02-04T03:28:30Z,19.4,
11A,2025-02-04T03:28:45Z,19.29,
11A,2025-02-04T03:29:00Z,19.27,
11A,2025-02-04T03:29:15Z,19.130000000000003,
11A,2025-02-04T03:29:30Z,19.19,
11A,2025-02-04T03:29:45Z,19.19,
11A,2025-02-04T03:30:00Z,19.12,
11A,2025-02-04T03:30:15Z,19.14,
11A,2025-02-04T03:30:30Z,19.04,
11A,2025-02-04T03:30:45Z,19.11,
11A,2025-02-04T03:31:00Z,19.08,
11A,2025-02-04T03:31:15Z,18.99,
11A,2025-02-04T03:31:30Z,14.44,
11A,2025-02-04T03:31:45Z,14.45,
11A,2025-02-04T03:32:00Z,14.5,
11A,2025-02-04T03:32:15Z,15.169999999999998,
11A,2025-02-04T03:32:30Z,14.63,
11A,2025-02-04T03:32:45Z,14.59,
11A,2025-02-04T03:33:00Z,14.63,
11A,2025-02-04T03:33:15Z,14.63,
11A,2025-02-04T03:33:30Z,14.56,
11A,2025-02-04T03:33:45Z,14.65,
11A,2025-02-04T03:34:00Z,14.71,
11A,2025-02-04T03:34:15Z,14.7,
11A,2025-02-04T03:34:30Z,15.670000000000002,
11A,2025-02-04T03:34:45Z,15.66,
11A,2025-02-04T03:35:00Z,15.6,
11A,2025-02-04T03:35:15Z,15.61,
11A,2025-02-04T03:35:30Z,15.54,
11A,2025-02-04T03:35:45Z,15.54,
11A,2025-02-04T03:36:00Z,15.53,
11A,2025-02-04T03:36:15Z,15.560000000000002,
11A,2025-02-04T03:36:30Z,16.13,
11A,2025-02-04T03:36:45Z,16.11,
11A,2025-02-04T03:37:00Z,16.09,
11A,2025-02-04T03:37:15Z,16.14,
11A,2025-02-04T03:37:30Z,16.13,
11A,2025-02-04T03:37:45Z,15.490000000000002,
11A,2025-02-04T03:38:00Z,15.39,
11A,2025-02-04T03:38:15Z,15.27,
11A,2025-02-04T03:38:30Z,15.32,
11A,2025-02-04T03:38:45Z,15.28,
11A,2025-02-04T03:39:00Z,15.39,
11A,2025-02-04T03:39:15Z,15.29,
11A,2025-02-04T03:39:30Z,15.38,
11A,2025-02-04T03:39:45Z,15.39,
11A,2025-02-04T03:40:00Z,15.3,
11A,2025-02-04T03:40:15Z,15.39,
11A,2025-02-04T03:40:30Z,14.39,
11A,2025-02-04T03:40:45Z,18.41,
11A,2025-02-04T03:41:00Z,18.24,
11A,2025-02-04T03:41:15Z,18.12,
11A,2025-02-04T03:41:30Z,18.33,
11A,2025-02-04T03:41:45Z,18.28,
11A,2025-02-04T03:42:00Z,18.22,
11A,2025-02-04T03:42:15Z,18.82,
11A,2025-02-04T03:42:30Z,18.84,
11A,2025-02-04T03:42:45Z,18.29,
11A,2025-02-04T03:43:00Z,18.37,
11A,2025-02-04T03:43:15Z,18.34,
11A,2025-02-04T03:43:30Z,19.18,
11A,2025-02-04T03:43:45Z,19.32,
11A,2025-02-04T03:44:00Z,19.24,
11A,2025-02-04T03:44:15Z,19.16,
11A,2025-02-04T03:44:30Z,19.19,
11A,2025-02-04T03:44:45Z,19.09,
11A,2025-02-04T03:45:00Z,15.52,
11A,2025-02-04T03:45:15Z,15.510000000000002,
11A,2025-02-04T03:45:30Z,15.580000000000002,
11A,2025-02-04T03:45:45Z,15.66,
11A,2025-02-04T03:46:00Z,15.65,
11A,2025-02-04T03:46:15Z,15.59,
11A,2025-02-04T03:46:30Z,15.62,
11A,2025-02-04T03:46:45Z,15.72,
11A,2025-02-04T03:47:00Z,15.63,
11A,2025-02-04T03:47:15Z,15.59,
11A,2025-02-04T03:47:30Z,15.6,
11A,2025-02-04T03:47:45Z,15.64,
11A,2025-02-04T03:48:00Z,15.67,
11A,2025-02-04T03:48:15Z,15.73,
11A,2025-02-04T03:48:30Z,15.73,
11A,2025-02-04T03:48:45Z,15.69,
11A,2025-02-04T03:49:00Z,14.64,
11A,2025-02-04T03:49:15Z,14.73,
11A,2025-02-04T03:49:30Z,14.83,
11A,2025-02-04T03:49:45Z,14.82,
11A,2025-02-04T03:50:00Z,14.81,
11A,2025-02-04T03:50:15Z,14.77,
11A,2025-02-04T03:50:30Z,14.73,
11A,2025-02-04T03:50:45Z,13.83,
11A,2025-02-04T03:51:00Z,13.78,
11A,2025-02-04T03:51:15Z,13.78,
11A,2025-02-04T03:51:30Z,13.83,
11A,2025-02-04T03:51:45Z,13.79,
11A,2025-02-04T03:52:00Z,14.829999999999998,
11A,2025-02-04T03:52:15Z,14.830000000000002,
11A,2025-02-04T03:52:30Z,14.88,
11A,2025-02-04T03:52:45Z,14.84,
11A,2025-02-04T03:53:00Z,14.74,
11A,2025-02-04T03:53:15Z,14.65,
11A,2025-02-04T03:53:30Z,14.71,
11A,2025-02-04T03:53:45Z,14.91,
11A,2025-02-04T03:54:00Z,18.97,
11A,2025-02-04T03:54:15Z,18.67,
11A,2025-02-04T03:54:30Z,18.43,
11A,2025-02-04T03:54:45Z,18.36,
11A,2025-02-04T03:55:00Z,18.36,
11A,2025-02-04T03:55:15Z,18.26,
11A,2025-02-04T03:55:30Z,18.15,
11A,2025-02-04T03:55:45Z,18.12,
11A,2025-02-04T03:56:00Z,18.23,
11A,2025-02-04T03:56:15Z,18.17,
11A,2025-02-04T03:56:30Z,17.21,
11A,2025-02-04T03:56:45Z,17.189999999999998,
11A,2025-02-04T03:57:00Z,17.19,
11A,2025-02-04T03:57:15Z,17.08,
11A,2025-02-04T03:57:30Z,17.19,
11A,2025-02-04T03:57:45Z,17.13,
11A,2025-02-04T03:58:00Z,13.52,
11A,2025-02-04T03:58:15Z,13.56,
11A,2025-02-04T03:58:30Z,14.4,
11A,2025-02-04T03:58:45Z,13.85,
11A,2025-02-04T03:59:00Z,13.83,
11A,2025-02-04T03:59:15Z,13.82,
11A,2025-02-04T03:59:30Z,14.69,
11A,2025-02-04T03:59:45Z,14.760000000000002,
11A,2025-02-04T04:00:00Z,14.75,
11A,2025-02-04T04:00:15Z,14.87,
11A,2025-02-04T04:00:30Z,14.92,
11A,2025-02-04T04:00:45Z,14.9,
11A,2025-02-04T04:01:00Z,14.91,
11A,2025-02-04T04:01:15Z,14.91,
11A,2025-02-04T04:01:30Z,14.9,
11A,2025-02-04T04:01:45Z,14.87,
11A,2025-02-04T04:02:00Z,14.87,
11A,2025-02-04T04:02:15Z,15.36,
11A,2025-02-04T04:02:30Z,15.36,
11A,2025-02-04T04:02:45Z,15.36,
11A,2025-02-04T04:03:00Z,15.41,
11A,2025-02-04T04:03:15Z,16.08,
11A,2025-02-04T04:03:30Z,16.13,
11A,2025-02-04T04:03:45Z,16.13,
11A,2025-02-04T04:04:00Z,16.09,
11A,2025-02-04T04:04:15Z,16.049999999999997,
11A,2025-02-04T04:04:30Z,16.089999999999996,
11A,2025-02-04T04:04:45Z,15.11,
11A,2025-02-04T04:05:00Z,15.13,
11A,2025-02-04T04:05:15Z,15.33,
11A,2025-02-04T04:05:30Z,15.36,
11A,2025-02-04T04:05:45Z,15.32,
11A,2025-02-04T04:06:00Z,15.26,
11A,2025-02-04T04:06:15Z,14.329999999999998,
11A,2025-02-04T04:06:30Z,14.329999999999998,
11A,2025-02-04T04:06:45Z,14.239999999999998,
11A,2025-02-04T04:07:00Z,13.75,
11A,2025-02-04T04:07:15Z,13.76,
11A,2025-02-04T04:07:30Z,13.72,
11A,2025-02-04T04:07:45Z,18.73,
11A,2025-02-04T04:08:00Z,18.73,
11A,2025-02-04T04:08:15Z,18.54,
11A,2025-02-04T04:08:30Z,18.52,
11A,2025-02-04T04:08:45Z,18.39,
11A,2025-02-04T04:09:00Z,18.26,
11A,2025-02-04T04:09:15Z,18.27,
11A,2025-02-04T04:09:30Z,18.42,
11A,2025-02-04T04:09:45Z,18.42,
11A,2025-02-04T04:10:00Z,18.37,
11A,2025-02-04T04:10:15Z,18.31,
11A,2025-02-04T04:10:30Z,18.27,
11A,2025-02-04T04:10:45Z,18.27,
11A,2025-02-04T04:11:00Z,18.32,
11A,2025-02-04T04:11:15Z,18.41,
11A,2025-02-04T04:11:30Z,18.34,
11A,2025-02-04T04:11:45Z,18.54,
11A,2025-02-04T04:12:00Z,15.82,
11A,2025-02-04T04:12:15Z,15.94,
11A,2025-02-04T04:12:30Z,15.96,
11A,2025-02-04T04:12:45Z,16.07,
11A,2025-02-04T04:13:00Z,15.12,
11A,2025-02-04T04:13:15Z,15.08,
11A,2025-02-04T04:13:30Z,15.05,
11A,2025-02-04T04:13:45Z,15.009999999999998,
11A,2025-02-04T04:14:00Z,15.07,
11A,2025-02-04T04:14:15Z,15.05,
11A,2025-02-04T04:14:30Z,15.02,
11A,2025-02-04T04:14:45Z,15.03,
11A,2025-02-04T04:15:00Z,15.69,
11A,2025-02-04T04:15:15Z,15.669999999999998,
11A,2025-02-04T04:15:30Z,15.88,
11A,2025-02-04T04:15:45Z,15.829999999999998,
11A,2025-02-04T04:16:00Z,16.72,
11A,2025-02-04T04:16:15Z,16.8,
11A,2025-02-04T04:16:30Z,16.74,
11A,2025-02-04T04:16:45Z,16.04,
11A,2025-02-04T04:17:00Z,15.86,
11A,2025-02-04T04:17:15Z,15.89,
11A,2025-02-04T04:17:30Z,15.9,
11A,2025-02-04T04:17:45Z,15.86,
11A,2025-02-04T04:18:00Z,15.87,
11A,2025-02-04T04:18:15Z,15.77,
11A,2025-02-04T04:18:30Z,15.81,
11A,2025-02-04T04:18:45Z,15.849999999999998,
11A,2025-02-04T04:19:00Z,15.79,
11A,2025-02-04T04:19:15Z,15.11,
11A,2025-02-04T04:19:30Z,15.1,
11A,2025-02-04T04:19:45Z,15.57,
11A,2025-02-04T04:20:00Z,15.55,
11A,2025-02-04T04:20:15Z,15.56,
11A,2025-02-04T04:20:30Z,15.53,
11A,2025-02-04T04:20:45Z,15.55,
11A,2025-02-04T04:21:00Z,15.52,
11A,2025-02-04T04:21:15Z,15.05,
11A,2025-02-04T04:21:30Z,17.94,
11A,2025-02-04T04:21:45Z,18.130000000000003,
11A,2025-02-04T04:22:00Z,17.92,
11A,2025-02-04T04:22:15Z,17.86,
11A,2025-02-04T04:22:30Z,17.77,
11A,2025-02-04T04:22:45Z,17.76,
11A,2025-02-04T04:23:00Z,17.77,
11A,2025-02-04T04:23:15Z,16.77,
11A,2025-02-04T04:23:30Z,16.740000000000002,
11A,2025-02-04T04:23:45Z,16.799999999999997,
11A,2025-02-04T04:24:00Z,17.46,
11A,2025-02-04T04:24:15Z,17.49,
11A,2025-02-04T04:24:30Z,18.53,
11A,2025-02-04T04:24:45Z,18.56,
11A,2025-02-04T04:25:00Z,18.39,
11A,2025-02-04T04:25:15Z,18.44,
11A,2025-02-04T04:25:30Z,14.75,
11A,2025-02-04T04:25:45Z,15.02,
11A,2025-02-04T04:26:00Z,14.88,
11A,2025-02-04T04:26:15Z,14.83,
11A,2025-02-04T04:26:30Z,14.77,
11A,2025-02-04T04:26:45Z,14.79,
11A,2025-02-04T04:27:00Z,14.69,
11A,2025-02-04T04:27:15Z,14.67,
11A,2025-02-04T04:27:30Z,14.65,
11A,2025-02-04T04:27:45Z,14.78,
11A,2025-02-04T04:28:00Z,14.72,
11A,2025-02-04T04:28:15Z,15.09,
11A,2025-02-04T04:28:30Z,14.35,
11A,2025-02-04T04:28:45Z,14.38,
11A,2025-02-04T04:29:00Z,15.15,
11A,2025-02-04T04:29:15Z,15.33,
11A,2025-02-04T04:29:30Z,15.46,
11A,2025-02-04T04:29:45Z,15.33,
11A,2025-02-04T04:30:00Z,15.3,
11A,2025-02-04T04:30:15Z,15.23,
11A,2025-02-04T04:30:30Z,15.13,
11A,2025-02-04T04:30:45Z,15.169999999999998,
11A,2025-02-04T04:31:00Z,15.16,
11A,2025-02-04T04:31:15Z,15.17,
11A,2025-02-04T04:31:30Z,16.15,
11A,2025-02-04T04:31:45Z,16.25,
11A,2025-02-04T04:32:00Z,16.18,
11A,2025-02-04T04:32:15Z,16.27,
11A,2025-02-04T04:32:30Z,16.23,
11A,2025-02-04T04:32:45Z,16.07,
11A,2025-02-04T04:33:00Z,16.02,
11A,2025-02-04T04:33:15Z,15.56,
11A,2025-02-04T04:33:30Z,15.57,
11A,2025-02-04T04:33:45Z,15.670000000000002,
11A,2025-02-04T04:34:00Z,15.69,
11A,2025-02-04T04:34:15Z,15.66,
11A,2025-02-04T04:34:30Z,15.69,
11A,2025-02-04T04:34:45Z,15.670000000000002,
11A,2025-02-04T04:35:00Z,19.41,
11A,2025-02-04T04:35:15Z,19.630000000000003,
11A,2025-02-04T04:35:30Z,19.42,
11A,2025-02-04T04:35:45Z,19.3,
11A,2025-02-04T04:36:00Z,18.55,
11A,2025-02-04T04:36:15Z,18.5,
11A,2025-02-04T04:36:30Z,18.41,
11A,2025-02-04T04:36:45Z,18.44,
11A,2025-02-04T04:37:00Z,17.78,
11A,2025-02-04T04:37:15Z,17.73,
11A,2025-02-04T04:37:30Z,17.7,
11A,2025-02-04T04:37:45Z,17.68,
11A,2025-02-04T04:38:00Z,17.73,
11A,2025-02-04T04:38:15Z,16.71,
11A,2025-02-04T04:38:30Z,16.72,
11A,2025-02-04T04:38:45Z,16.65,
11A,2025-02-04T04:39:00Z,17.58,
11A,2025-02-04T04:39:15Z,14.06,
11A,2025-02-04T04:39:30Z,13.98,
11A,2025-02-04T04:39:45Z,13.93,
11A,2025-02-04T04:40:00Z,13.86,
11A,2025-02-04T04:40:15Z,13.83,
11A,2025-02-04T04:40:30Z,13.83,
11A,2025-02-04T04:40:45Z,13.83,
11A,2025-02-04T04:41:00Z,13.84,
11A,2025-02-04T04:41:15Z,13.84,
11A,2025-02-04T04:41:30Z,14.5,
11A,2025-02-04T04:41:45Z,14.49,
11A,2025-02-04T04:42:00Z,14.5,
11A,2025-02-04T04:42:15Z,14.47,
11A,2025-02-04T04:42:30Z,14.41,
11A,2025-02-04T04:42:45Z,14.47,
11A,2025-02-04T04:43:00Z,13.630000000000004,
11A,2025-02-04T04:43:15Z,13.54,
11A,2025-02-04T04:43:30Z,13.55,
11A,2025-02-04T04:43:45Z,13.52,
11A,2025-02-04T04:44:00Z,13.53,
11A,2025-02-04T04:44:15Z,13.54,
11A,2025-02-04T04:44:30Z,14.54,
11A,2025-02-04T04:44:45Z,14.64,
11A,2025-02-04T04:45:00Z,14.56,
11A,2025-02-04T04:45:15Z,14.54,
11A,2025-02-04T04:45:30Z,14.53,
11A,2025-02-04T04:45:45Z,14.47,
11A,2025-02-04T04:46:00Z,15.52,
11A,2025-02-04T04:46:15Z,15.59,
11A,2025-02-04T04:46:30Z,15.56,
11A,2025-02-04T04:46:45Z,15.46,
11A,2025-02-04T04:47:00Z,15.41,
11A,2025-02-04T04:47:15Z,15.39,
11A,2025-02-04T04:47:30Z,15.42,
11A,2025-02-04T04:47:45Z,15.42,
11A,2025-02-04T04:48:00Z,15.39,
11A,2025-02-04T04:48:15Z,15.43,
11A,2025-02-04T04:48:30Z,19.49,
11A,2025-02-04T04:48:45Z,19.29,
11A,2025-02-04T04:49:00Z,19.18,
11A,2025-02-04T04:49:15Z,19.14,
11A,2025-02-04T04:49:30Z,19.13,
11A,2025-02-04T04:49:45Z,19.06,
11A,2025-02-04T04:50:00Z,19.03,
11A,2025-02-04T04:50:15Z,19.18,
11A,2025-02-04T04:50:30Z,19.17,
11A,2025-02-04T04:50:45Z,18.22,
11A,2025-02-04T04:51:00Z,18.2,
11A,2025-02-04T04:51:15Z,18.19,
11A,2025-02-04T04:51:30Z,18.23,
11A,2025-02-04T04:51:45Z,18.24,
11A,2025-02-04T04:52:00Z,18.24,
11A,2025-02-04T04:52:15Z,18.19,
11A,2025-02-04T04:52:30Z,18.22,
11A,2025-02-04T04:52:45Z,14.57,
11A,2025-02-04T04:53:00Z,14.68,
11A,2025-02-04T04:53:15Z,14.64,
11A,2025-02-04T04:53:30Z,14.68,
11A,2025-02-04T04:53:45Z,15.55,
11A,2025-02-04T04:54:00Z,15.0,
11A,2025-02-04T04:54:15Z,14.98,
11A,2025-02-04T04:54:30Z,15.48,
11A,2025-02-04T04:54:45Z,15.400000000000002,
11A,2025-02-04T04:55:00Z,15.380000000000004,
11A,2025-02-04T04:55:15Z,15.340000000000002,
11A,2025-02-04T04:55:30Z,15.34,
11A,2025-02-04T04:55:45Z,15.31,
11A,2025-02-04T04:56:00Z,15.31,
11A,2025-02-04T04:56:15Z,15.15,
11A,2025-02-04T04:56:30Z,15.1,
11A,2025-02-04T04:56:45Z,15.13,
11A,2025-02-04T04:57:00Z,15.18,
11A,2025-02-04T04:57:15Z,15.13,
11A,2025-02-04T04:57:30Z,15.12,
11A,2025-02-04T04:57:45Z,15.170000000000002,
11A,2025-02-04T04:58:00Z,15.33,
11A,2025-02-04T04:58:15Z,15.26,
11A,2025-02-04T04:58:30Z,15.9,
11A,2025-02-04T04:58:45Z,15.97,
11A,2025-02-04T04:59:00Z,15.9,
11A,2025-02-04T04:59:15Z,15.900000000000002,
11A,2025-02-04T04:59:30Z,15.33,
11A,2025-02-04T04:59:45Z,14.490000000000002,
11A,2025-02-04T05:00:00Z,14.51,
11A,2025-02-04T05:00:15Z,14.46,
11A,2025-02-04T05:00:30Z,14.46,
11A,2025-02-04T05:00:45Z,14.46,
11A,2025-02-04T05:01:00Z,14.95,
11A,2025-02-04T05:01:15Z,14.97,
11A,2025-02-04T05:01:30Z,14.919999999999998,
11A,2025-02-04T05:01:45Z,18.91,
11A,2025-02-04T05:02:00Z,19.0,
11A,2025-02-04T05:02:15Z,18.79,
11A,2025-02-04T05:02:30Z,18.25,
11A,2025-02-04T05:02:45Z,19.14,
11A,2025-02-04T05:03:00Z,19.27,
11A,2025-02-04T05:03:15Z,19.21,
11A,2025-02-04T05:03:30Z,19.19,
11A,2025-02-04T05:03:45Z,19.21,
11A,2025-02-04T05:04:00Z,18.16,
11A,2025-02-04T05:04:15Z,18.2,
11A,2025-02-04T05:04:30Z,18.16,
11A,2025-02-04T05:04:45Z,18.74,
11A,2025-02-04T05:05:00Z,18.68,
11A,2025-02-04T05:05:15Z,18.66,
11A,2025-02-04T05:05:30Z,18.700000000000003,
11A,2025-02-04T05:05:45Z,18.75,
11A,2025-02-04T05:06:00Z,15.099999999999998,
11A,2025-02-04T05:06:15Z,15.159999999999998,
11A,2025-02-04T05:06:30Z,15.09,
11A,2025-02-04T05:06:45Z,14.420000000000002,
11A,2025-02-04T05:07:00Z,14.37,
11A,2025-02-04T05:07:15Z,14.37,
11A,2025-02-04T05:07:30Z,14.32,
11A,2025-02-04T05:07:45Z,14.5,
11A,2025-02-04T05:08:00Z,14.52,
11A,2025-02-04T05:08:15Z,14.65,
11A,2025-02-04T05:08:30Z,14.55,
11A,2025-02-04T05:08:45Z,13.5,
11A,2025-02-04T05:09:00Z,13.56,
11A,2025-02-04T05:09:15Z,13.48,
11A,2025-02-04T05:09:30Z,13.46,
11A,2025-02-04T05:09:45Z,13.5,
11A,2025-02-04T05:10:00Z,13.51,
11A,2025-02-04T05:10:15Z,13.59,
11A,2025-02-04T05:10:30Z,13.57,
11A,2025-02-04T05:10:45Z,13.59,
11A,2025-02-04T05:11:00Z,13.57,
11A,2025-02-04T05:11:15Z,12.82,
11A,2025-02-04T05:11:30Z,13.9,
11A,2025-02-04T05:11:45Z,15.09,
11A,2025-02-04T05:12:00Z,14.97,
11A,2025-02-04T05:12:15Z,14.84,
11A,2025-02-04T05:12:30Z,14.82,
11A,2025-02-04T05:12:45Z,14.81,
11A,2025-02-04T05:13:00Z,14.72,
11A,2025-02-04T05:13:15Z,14.75,
11A,2025-02-04T05:13:30Z,14.72,
11A,2025-02-04T05:13:45Z,14.71,
11A,2025-02-04T05:14:00Z,14.73,
11A,2025-02-04T05:14:15Z,14.78,
11A,2025-02-04T05:14:30Z,14.79,
11A,2025-02-04T05:14:45Z,14.75,
11A,2025-02-04T05:15:00Z,18.72,
11A,2025-02-04T05:15:15Z,18.69,
11A,2025-02-04T05:15:30Z,18.57,
11A,2025-02-04T05:15:45Z,19.22,
11A,2025-02-04T05:16:00Z,19.14,
11A,2025-02-04T05:16:15Z,19.05,
11A,2025-02-04T05:16:30Z,19.02,
11A,2025-02-04T05:16:45Z,19.0,
11A,2025-02-04T05:17:00Z,19.05,
11A,2025-02-04T05:17:15Z,19.1,
11A,2025-02-04T05:17:30Z,19.1,
11A,2025-02-04T05:17:45Z,18.99,
11A,2025-02-04T05:18:00Z,19.01,
11A,2025-02-04T05:18:15Z,18.04,
11A,2025-02-04T05:18:30Z,17.11,
11A,2025-02-04T05:18:45Z,17.16,
11A,2025-02-04T05:19:00Z,13.57,
11A,2025-02-04T05:19:15Z,13.62,
11A,2025-02-04T05:19:30Z,13.54,
11A,2025-02-04T05:19:45Z,13.55,
11A,2025-02-04T05:20:00Z,13.52,
11A,2025-02-04T05:20:15Z,13.52,
11A,2025-02-04T05:20:30Z,13.56,
11A,2025-02-04T05:20:45Z,13.5,
11A,2025-02-04T05:21:00Z,13.51,
11A,2025-02-04T05:21:15Z,15.09,
11A,2025-02-04T05:21:30Z,15.05,
11A,2025-02-04T05:21:45Z,15.05,
11A,2025-02-04T05:22:00Z,14.999999999999998,
11A,2025-02-04T05:22:15Z,15.1,
11A,2025-02-04T05:22:30Z,15.27,
11A,2025-02-04T05:22:45Z,15.2,
11A,2025-02-04T05:23:00Z,15.85,
11A,2025-02-04T05:23:15Z,16.1,
11A,2025-02-04T05:23:30Z,16.16,
11A,2025-02-04T05:23:45Z,16.05,
11A,2025-02-04T05:24:00Z,16.09,
11A,2025-02-04T05:24:15Z,16.09,
11A,2025-02-04T05:24:30Z,16.09,
11A,2025-02-04T05:24:45Z,16.01,
11A,2025-02-04T05:25:00Z,16.0,
11A,2025-02-04T05:25:15Z,15.12,
11A,2025-02-04T05:25:30Z,15.12,
11A,2025-02-04T05:25:45Z,15.15,
11A,2025-02-04T05:26:00Z,14.62,
11A,2025-02-04T05:26:15Z,14.62,
11A,2025-02-04T05:26:30Z,14.61,
11A,2025-02-04T05:26:45Z,14.62,
11A,2025-02-04T05:27:00Z,14.57,
11A,2025-02-04T05:27:15Z,14.54,
11A,2025-02-04T05:27:30Z,14.53,
11A,2025-02-04T05:27:45Z,14.579999999999998,
11A,2025-02-04T05:28:00Z,18.2,
11A,2025-02-04T05:28:15Z,19.53,
11A,2025-02-04T05:28:30Z,19.32,
11A,2025-02-04T05:28:45Z,18.51,
11A,2025-02-04T05:29:00Z,18.5,
11A,2025-02-04T05:29:15Z,18.69,
11A,2025-02-04T05:29:30Z,18.6,
11A,2025-02-04T05:29:45Z,18.5,
11A,2025-02-04T05:30:00Z,18.53,
11A,2025-02-04T05:30:15Z,18.54,
11A,2025-02-04T05:30:30Z,18.58,
11A,2025-02-04T05:30:45Z,17.54,
11A,2025-02-04T05:31:00Z,17.520000000000003,
11A,2025-02-04T05:31:15Z,17.5,
11A,2025-02-04T05:31:30Z,17.46,
11A,2025-02-04T05:31:45Z,17.38,
11A,2025-02-04T05:32:00Z,17.36,
11A,2025-02-04T05:32:15Z,17.39,
11A,2025-02-04T05:32:30Z,13.81,
11A,2025-02-04T05:32:45Z,13.49,
11A,2025-02-04T05:33:00Z,13.53,
11A,2025-02-04T05:33:15Z,13.56,
11A,2025-02-04T05:33:30Z,13.49,
11A,2025-02-04T05:33:45Z,13.48,
11A,2025-02-04T05:34:00Z,13.53,
11A,2025-02-04T05:34:15Z,13.48,
11A,2025-02-04T05:34:30Z,13.580000000000002,
11A,2025-02-04T05:34:45Z,13.510000000000002,
11A,2025-02-04T05:35:00Z,13.43,
11A,2025-02-04T05:35:15Z,13.4,
11A,2025-02-04T05:35:30Z,13.44,
11A,2025-02-04T05:35:45Z,14.32,
11A,2025-02-04T05:36:00Z,15.419999999999998,
11A,2025-02-04T05:36:15Z,15.41,
11A,2025-02-04T05:36:30Z,15.55,
11A,2025-02-04T05:36:45Z,15.43,
11A,2025-02-04T05:37:00Z,15.34,
11A,2025-02-04T05:37:15Z,15.34,
11A,2025-02-04T05:37:30Z,15.3,
11A,2025-02-04T05:37:45Z,15.55,
11A,2025-02-04T05:38:00Z,15.45,
11A,2025-02-04T05:38:15Z,15.39,
11A,2025-02-04T05:38:30Z,15.39,
11A,2025-02-04T05:38:45Z,15.33,
11A,2025-02-04T05:39:00Z,14.37,
11A,2025-02-04T05:39:15Z,14.34,
11A,2025-02-04T05:39:30Z,14.35,
11A,2025-02-04T05:39:45Z,14.37,
11A,2025-02-04T05:40:00Z,14.46,
11A,2025-02-04T05:40:15Z,14.44,
11A,2025-02-04T05:40:30Z,14.32,
11A,2025-02-04T05:40:45Z,13.38,
11A,2025-02-04T05:41:00Z,13.37,
11A,2025-02-04T05:41:15Z,13.46,
11A,2025-02-04T05:41:30Z,17.14,
11A,2025-02-04T05:41:45Z,17.41,
11A,2025-02-04T05:42:00Z,17.96,
11A,2025-02-04T05:42:15Z,18.2,
11A,2025-02-04T05:42:30Z,18.17,
11A,2025-02-04T05:42:45Z,18.08,
11A,2025-02-04T05:43:00Z,18.57,
11A,2025-02-04T05:43:15Z,18.52,
11A,2025-02-04T05:43:30Z,18.47,
11A,2025-02-04T05:43:45Z,19.46,
11A,2025-02-04T05:44:00Z,19.51,
11A,2025-02-04T05:44:15Z,19.54,
11A,2025-02-04T05:44:30Z,18.92,
11A,2025-02-04T05:44:45Z,18.94,
11A,2025-02-04T05:45:00Z,18.85,
11A,2025-02-04T05:45:15Z,18.83,
11A,2025-02-04T05:45:30Z,17.700000000000003,
11A,2025-02-04T05:45:45Z,15.29,
11A,2025-02-04T05:46:00Z,14.33,
11A,2025-02-04T05:46:15Z,14.37,
11A,2025-02-04T05:46:30Z,14.32,
11A,2025-02-04T05:46:45Z,14.36,
11A,2025-02-04T05:47:00Z,14.38,
11A,2025-02-04T05:47:15Z,14.36,
11A,2025-02-04T05:47:30Z,14.39,
11A,2025-02-04T05:47:45Z,14.53,
11A,2025-02-04T05:48:00Z,15.240000000000002,
11A,2025-02-04T05:48:15Z,14.29,
11A,2025-02-04T05:48:30Z,14.27,
11A,2025-02-04T05:48:45Z,14.29,
11A,2025-02-04T05:49:00Z,15.13,
11A,2025-02-04T05:49:15Z,15.28,
11A,2025-02-04T05:49:30Z,15.3,
11A,2025-02-04T05:49:45Z,15.24,
11A,2025-02-04T05:50:00Z,15.19,
11A,2025-02-04T05:50:15Z,14.509999999999998,
11A,2025-02-04T05:50:30Z,14.83,
11A,2025-02-04T05:50:45Z,14.72,
11A,2025-02-04T05:51:00Z,14.62,
11A,2025-02-04T05:51:15Z,15.310000000000002,
11A,2025-02-04T05:51:30Z,15.46,
11A,2025-02-04T05:51:45Z,15.45,
11A,2025-02-04T05:52:00Z,15.43,
11A,2025-02-04T05:52:15Z,15.36,
11A,2025-02-04T05:52:30Z,15.32,
11A,2025-02-04T05:52:45Z,15.31,
11A,2025-02-04T05:53:00Z,14.74,
11A,2025-02-04T05:53:15Z,14.75,
11A,2025-02-04T05:53:30Z,14.73,
11A,2025-02-04T05:53:45Z,14.76,
11A,2025-02-04T05:54:00Z,14.79,
11A,2025-02-04T05:54:15Z,14.77,
11A,2025-02-04T05:54:30Z,14.78,
11A,2025-02-04T05:54:45Z,18.16,
11A,2025-02-04T05:55:00Z,18.32,
11A,2025-02-04T05:55:15Z,18.09,
11A,2025-02-04T05:55:30Z,18.01,
11A,2025-02-04T05:55:45Z,17.98,
11A,2025-02-04T05:56:00Z,17.099999999999998,
11A,2025-02-04T05:56:15Z,17.02,
11A,2025-02-04T05:56:30Z,17.0,
11A,2025-02-04T05:56:45Z,17.04,
11A,2025-02-04T05:57:00Z,17.03,
11A,2025-02-04T05:57:15Z,17.049999999999997,
11A,2025-02-04T05:57:30Z,17.29,
11A,2025-02-04T05:57:45Z,17.78,
11A,2025-02-04T05:58:00Z,17.73,
11A,2025-02-04T05:58:15Z,17.72,
11A,2025-02-04T05:58:30Z,18.62,
11A,2025-02-04T05:58:45Z,18.72,
11A,2025-02-04T05:59:00Z,16.060000000000002,
11A,2025-02-04T05:59:15Z,16.049999999999997,
11A,2025-02-04T05:59:30Z,15.99,
11A,2025-02-04T05:59:45Z,15.24,
11A,2025-02-04T06:00:00Z,15.23,
11A,2025-02-04T06:00:15Z,15.26,
11A,2025-02-04T06:00:30Z,15.25,
11A,2025-02-04T06:00:45Z,15.3,
11A,2025-02-04T06:01:00Z,15.33,
11A,2025-02-04T06:01:15Z,15.32,
11A,2025-02-04T06:01:30Z,15.29,
11A,2025-02-04T06:01:45Z,15.31,
11A,2025-02-04T06:02:00Z,15.28,
11A,2025-02-04T06:02:15Z,15.28,
11A,2025-02-04T06:02:30Z,15.23,
11A,2025-02-04T06:02:45Z,15.240000000000002,
11A,2025-02-04T06:03:00Z,15.510000000000002,
11A,2025-02-04T06:03:15Z,14.5,
11A,2025-02-04T06:03:30Z,14.77,
11A,2025-02-04T06:03:45Z,14.88,
11A,2025-02-04T06:04:00Z,14.9,
11A,2025-02-04T06:04:15Z,14.92,
11A,2025-02-04T06:04:30Z,14.86,
11A,2025-02-04T06:04:45Z,14.87,
11A,2025-02-04T06:05:00Z,14.9,
11A,2025-02-04T06:05:15Z,14.88,
11A,2025-02-04T06:05:30Z,14.88,
11A,2025-02-04T06:05:45Z,14.93,
11A,2025-02-04T06:06:00Z,14.88,
11A,2025-02-04T06:06:15Z,15.170000000000002,
11A,2025-02-04T06:06:30Z,15.29,
11A,2025-02-04T06:06:45Z,15.3,
11A,2025-02-04T06:07:00Z,15.27,
11A,2025-02-04T06:07:15Z,15.18,
11A,2025-02-04T06:07:30Z,14.63,
11A,2025-02-04T06:07:45Z,14.36,
11A,2025-02-04T06:08:00Z,14.36,
11A,2025-02-04T06:08:15Z,18.48,
11A,2025-02-04T06:08:30Z,18.380000000000003,
11A,2025-02-04T06:08:45Z,18.17,
11A,2025-02-04T06:09:00Z,18.14,
11A,2025-02-04T06:09:15Z,18.08,
11A,2025-02-04T06:09:30Z,18.03,
11A,2025-02-04T06:09:45Z,18.04,
11A,2025-02-04T06:10:00Z,18.1,
11A,2025-02-04T06:10:15Z,17.3,
11A,2025-02-04T06:10:30Z,17.23,
11A,2025-02-04T06:10:45Z,17.26,
11A,2025-02-04T06:11:00Z,17.33,
11A,2025-02-04T06:11:15Z,17.84,
11A,2025-02-04T06:11:30Z,17.869999999999997,
11A,2025-02-04T06:11:45Z,18.32,
11A,2025-02-04T06:12:00Z,18.81,
11A,2025-02-04T06:12:15Z,18.9,
11A,2025-02-04T06:12:30Z,15.240000000000002,
11A,2025-02-04T06:12:45Z,15.2,
11A,2025-02-04T06:13:00Z,15.220000000000002,
11A,2025-02-04T06:13:15Z,16.21,
11A,2025-02-04T06:13:30Z,16.18,
11A,2025-02-04T06:13:45Z,16.11,
11A,2025-02-04T06:14:00Z,16.14,
11A,2025-02-04T06:14:15Z,16.0,
11A,2025-02-04T06:14:30Z,16.0,
11A,2025-02-04T06:14:45Z,15.990000000000002,
11A,2025-02-04T06:15:00Z,15.7,
11A,2025-02-04T06:15:15Z,15.55,
11A,2025-02-04T06:15:30Z,15.62,
11A,2025-02-04T06:15:45Z,15.240000000000002,
11A,2025-02-04T06:16:00Z,15.27,
11A,2025-02-04T06:16:15Z,15.1,
11A,2025-02-04T06:16:30Z,15.11,
11A,2025-02-04T06:16:45Z,15.07,
11A,2025-02-04T06:17:00Z,15.06,
11A,2025-02-04T06:17:15Z,15.18,
11A,2025-02-04T06:17:30Z,15.13,
11A,2025-02-04T06:17:45Z,15.13,
11A,2025-02-04T06:18:00Z,16.07,
11A,2025-02-04T06:18:15Z,16.21,
11A,2025-02-04T06:18:30Z,15.25,
11A,2025-02-04T06:18:45Z,15.28,
11A,2025-02-04T06:19:00Z,15.22,
11A,2025-02-04T06:19:15Z,15.1,
11A,2025-02-04T06:19:30Z,15.090000000000002,
11A,2025-02-04T06:19:45Z,15.08,
11A,2025-02-04T06:20:00Z,14.72,
11A,2025-02-04T06:20:15Z,14.72,
11A,2025-02-04T06:20:30Z,14.8,
11A,2025-02-04T06:20:45Z,14.78,
11A,2025-02-04T06:21:00Z,13.75,
11A,2025-02-04T06:21:15Z,13.62,
11A,2025-02-04T06:21:30Z,18.41,
11A,2025-02-04T06:21:45Z,18.63,
11A,2025-02-04T06:22:00Z,18.44,
11A,2025-02-04T06:22:15Z,18.3,
11A,2025-02-04T06:22:30Z,18.14,
11A,2025-02-04T06:22:45Z,18.13,
11A,2025-02-04T06:23:00Z,17.57,
11A,2025-02-04T06:23:15Z,17.5,
11A,2025-02-04T06:23:30Z,17.54,
11A,2025-02-04T06:23:45Z,17.57,
11A,2025-02-04T06:24:00Z,18.49,
11A,2025-02-04T06:24:15Z,18.64,
11A,2025-02-04T06:24:30Z,18.57,
11A,2025-02-04T06:24:45Z,18.56,
11A,2025-02-04T06:25:00Z,18.58,
11A,2025-02-04T06:25:15Z,19.020000000000003,
11A,2025-02-04T06:25:30Z,19.01,
11A,2025-02-04T06:25:45Z,15.38,
11A,2025-02-04T06:26:00Z,15.39,
11A,2025-02-04T06:26:15Z,15.42,
11A,2025-02-04T06:26:30Z,14.43,
11A,2025-02-04T06:26:45Z,13.93,
11A,2025-02-04T06:27:00Z,13.9,
11A,2025-02-04T06:27:15Z,14.56,
11A,2025-02-04T06:27:30Z,14.59,
11A,2025-02-04T06:27:45Z,14.62,
11A,2025-02-04T06:28:00Z,14.59,
11A,2025-02-04T06:28:15Z,14.55,
11A,2025-02-04T06:28:30Z,14.58,
11A,2025-02-04T06:28:45Z,14.57,
11A,2025-02-04T06:29:00Z,14.62,
11A,2025-02-04T06:29:15Z,14.56,
11A,2025-02-04T06:29:30Z,15.810000000000002,
11A,2025-02-04T06:29:45Z,15.72,
11A,2025-02-04T06:30:00Z,15.7,
11A,2025-02-04T06:30:15Z,15.6,
11A,2025-02-04T06:30:30Z,15.5,
11A,2025-02-04T06:30:45Z,15.47,
11A,2025-02-04T06:31:00Z,14.59,
11A,2025-02-04T06:31:15Z,14.7,
11A,2025-02-04T06:31:30Z,14.38,
11A,2025-02-04T06:31:45Z,14.48,
11A,2025-02-04T06:32:00Z,14.44,
11A,2025-02-04T06:32:15Z,14.37,
11A,2025-02-04T06:32:30Z,14.4,
11A,2025-02-04T06:32:45Z,14.41,
11A,2025-02-04T06:33:00Z,14.369999999999996,
11A,2025-02-04T06:33:15Z,14.52,
11A,2025-02-04T06:33:30Z,14.47,
11A,2025-02-04T06:33:45Z,14.57,
11A,2025-02-04T06:34:00Z,14.57,
11A,2025-02-04T06:34:15Z,13.560000000000002,
11A,2025-02-04T06:34:30Z,13.670000000000002,
11A,2025-02-04T06:34:45Z,17.68,
11A,2025-02-04T06:35:00Z,18.4,
11A,2025-02-04T06:35:15Z,18.290000000000003,
11A,2025-02-04T06:35:30Z,18.26,
11A,2025-02-04T06:35:45Z,18.16,
11A,2025-02-04T06:36:00Z,18.07,
11A,2025-02-04T06:36:15Z,18.08,
11A,2025-02-04T06:36:30Z,18.03,
11A,2025-02-04T06:36:45Z,18.13,
11A,2025-02-04T06:37:00Z,18.1,
11A,2025-02-04T06:37:15Z,19.02,
11A,2025-02-04T06:37:30Z,18.49,
11A,2025-02-04T06:37:45Z,18.35,
11A,2025-02-04T06:38:00Z,18.38,
11A,2025-02-04T06:38:15Z,17.32,
11A,2025-02-04T06:38:30Z,17.3,
11A,2025-02-04T06:38:45Z,17.33,
11A,2025-02-04T06:39:00Z,13.7,
11A,2025-02-04T06:39:15Z,13.71,
11A,2025-02-04T06:39:30Z,13.75,
11A,2025-02-04T06:39:45Z,13.89,
11A,2025-02-04T06:40:00Z,13.94,
11A,2025-02-04T06:40:15Z,13.99,
11A,2025-02-04T06:40:30Z,13.91,
11A,2025-02-04T06:40:45Z,13.89,
11A,2025-02-04T06:41:00Z,13.84,
11A,2025-02-04T06:41:15Z,14.579999999999998,
11A,2025-02-04T06:41:30Z,15.53,
11A,2025-02-04T06:41:45Z,14.77,
11A,2025-02-04T06:42:00Z,14.61,
11A,2025-02-04T06:42:15Z,14.489999999999998,
11A,2025-02-04T06:42:30Z,15.06,
11A,2025-02-04T06:42:45Z,15.03,
11A,2025-02-04T06:43:00Z,15.07,
11A,2025-02-04T06:43:15Z,14.81,
11A,2025-02-04T06:43:30Z,14.720000000000002,
11A,2025-02-04T06:43:45Z,14.77,
11A,2025-02-04T06:44:00Z,14.810000000000002,
11A,2025-02-04T06:44:15Z,14.75,
11A,2025-02-04T06:44:30Z,14.739999999999998,
11A,2025-02-04T06:44:45Z,15.81,
11A,2025-02-04T06:45:00Z,15.78,
11A,2025-02-04T06:45:15Z,14.85,
11A,2025-02-04T06:45:30Z,14.79,
11A,2025-02-04T06:45:45Z,14.739999999999998,
11A,2025-02-04T06:46:00Z,14.739999999999998,
11A,2025-02-04T06:46:15Z,14.84,
11A,2025-02-04T06:46:30Z,14.81,
11A,2025-02-04T06:46:45Z,14.8,
11A,2025-02-04T06:47:00Z,14.749999999999998,
11A,2025-02-04T06:47:15Z,14.84,
11A,2025-02-04T06:47:30Z,14.24,
11A,2025-02-04T06:47:45Z,18.04,
11A,2025-02-04T06:48:00Z,18.27,
11A,2025-02-04T06:48:15Z,18.82,
11A,2025-02-04T06:48:30Z,19.08,
11A,2025-02-04T06:48:45Z,18.98,
11A,2025-02-04T06:49:00Z,18.89,
11A,2025-02-04T06:49:15Z,18.73,
11A,2025-02-04T06:49:30Z,17.83,
11A,2025-02-04T06:49:45Z,17.89,
11A,2025-02-04T06:50:00Z,18.56,
11A,2025-02-04T06:50:15Z,18.63,
11A,2025-02-04T06:50:30Z,18.84,
11A,2025-02-04T06:50:45Z,18.79,
11A,2025-02-04T06:51:00Z,18.7,
11A,2025-02-04T06:51:15Z,18.75,
11A,2025-02-04T06:51:30Z,18.62,
11A,2025-02-04T06:51:45Z,14.43,
11A,2025-02-04T06:52:00Z,13.46,
11A,2025-02-04T06:52:15Z,13.5,
11A,2025-02-04T06:52:30Z,14.55,
11A,2025-02-04T06:52:45Z,14.57,
11A,2025-02-04T06:53:00Z,14.52,
11A,2025-02-04T06:53:15Z,14.37,
11A,2025-02-04T06:53:30Z,14.6,
11A,2025-02-04T06:53:45Z,14.52,
11A,2025-02-04T06:54:00Z,14.53,
11A,2025-02-04T06:54:15Z,14.6,
11A,2025-02-04T06:54:30Z,13.93,
11A,2025-02-04T06:54:45Z,13.94,
11A,2025-02-04T06:55:00Z,14.900000000000002,
11A,2025-02-04T06:55:15Z,15.0,
11A,2025-02-04T06:55:30Z,14.89,
11A,2025-02-04T06:55:45Z,14.8,
11A,2025-02-04T06:56:00Z,14.869999999999996,
11A,2025-02-04T06:56:15Z,14.95,
11A,2025-02-04T06:56:30Z,14.87,
11A,2025-02-04T06:56:45Z,14.9,
11A,2025-02-04T06:57:00Z,14.94,
11A,2025-02-04T06:57:15Z,15.04,
11A,2025-02-04T06:57:30Z,14.99,
11A,2025-02-04T06:57:45Z,15.01,
11A,2025-02-04T06:58:00Z,14.98,
11A,2025-02-04T06:58:15Z,13.18,
11A,2025-02-04T06:58:30Z,13.09,
11A,2025-02-04T06:58:45Z,13.09,
11A,2025-02-04T06:59:00Z,13.14,
11A,2025-02-04T06:59:15Z,13.13,
11A,2025-02-04T06:59:30Z,13.16,
11A,2025-02-04T06:59:45Z,13.759999999999998,
11A,2025-02-04T07:00:00Z,13.89,
11A,2025-02-04T07:00:15Z,13.86,
11A,2025-02-04T07:00:30Z,13.84,
11A,2025-02-04T07:00:45Z,17.68,
11A,2025-02-04T07:01:00Z,17.75,
11A,2025-02-04T07:01:15Z,19.46,
11A,2025-02-04T07:01:30Z,19.58,
11A,2025-02-04T07:01:45Z,19.47,
11A,2025-02-04T07:02:00Z,19.22,
11A,2025-02-04T07:02:15Z,19.25,
11A,2025-02-04T07:02:30Z,19.18,
11A,2025-02-04T07:02:45Z,19.21,
11A,2025-02-04T07:03:00Z,18.840000000000003,
11A,2025-02-04T07:03:15Z,18.94,
11A,2025-02-04T07:03:30Z,18.950000000000003,
11A,2025-02-04T07:03:45Z,19.01,
11A,2025-02-04T07:04:00Z,18.92,
11A,2025-02-04T07:04:15Z,19.11,
11A,2025-02-04T07:04:30Z,18.29,
11A,2025-02-04T07:04:45Z,18.43,
11A,2025-02-04T07:05:00Z,18.39,
11A,2025-02-04T07:05:15Z,14.74,
11A,2025-02-04T07:05:30Z,14.8,
11A,2025-02-04T07:05:45Z,14.8,
11A,2025-02-04T07:06:00Z,14.790000000000004,
11A,2025-02-04T07:06:15Z,14.7,
11A,2025-02-04T07:06:30Z,14.88,
11A,2025-02-04T07:06:45Z,14.01,
11A,2025-02-04T07:07:00Z,14.01,
11A,2025-02-04T07:07:15Z,14.05,
11A,2025-02-04T07:07:30Z,14.89,
11A,2025-02-04T07:07:45Z,14.94,
11A,2025-02-04T07:08:00Z,14.94,
11A,2025-02-04T07:08:15Z,15.29,
11A,2025-02-04T07:08:30Z,15.21,
11A,2025-02-04T07:08:45Z,15.33,
11A,2025-02-04T07:09:00Z,15.21,
11A,2025-02-04T07:09:15Z,15.3,
11A,2025-02-04T07:09:30Z,15.21,
11A,2025-02-04T07:09:45Z,15.96,
11A,2025-02-04T07:10:00Z,16.01,
11A,2025-02-04T07:10:15Z,16.61,
11A,2025-02-04T07:10:30Z,16.619999999999997,
11A,2025-02-04T07:10:45Z,16.490000000000002,
11A,2025-02-04T07:11:00Z,16.48,
11A,2025-02-04T07:11:15Z,16.48,
11A,2025-02-04T07:11:30Z,16.36,
11A,2025-02-04T07:11:45Z,16.41,
11A,2025-02-04T07:12:00Z,16.24,
11A,2025-02-04T07:12:15Z,16.259999999999998,
11A,2025-02-04T07:12:30Z,16.25,
11A,2025-02-04T07:12:45Z,16.35,
11A,2025-02-04T07:13:00Z,16.54,
11A,2025-02-04T07:13:15Z,16.270000000000003,
11A,2025-02-04T07:13:30Z,14.670000000000002,
11A,2025-02-04T07:13:45Z,14.81,
11A,2025-02-04T07:14:00Z,14.739999999999998,
11A,2025-02-04T07:14:15Z,17.46,
11A,2025-02-04T07:14:30Z,17.659999999999997,
11A,2025-02-04T07:14:45Z,17.52,
11A,2025-02-04T07:15:00Z,17.33,
11A,2025-02-04T07:15:15Z,16.87,
11A,2025-02-04T07:15:30Z,16.759999999999998,
11A,2025-02-04T07:15:45Z,16.8,
11A,2025-02-04T07:16:00Z,16.93,
11A,2025-02-04T07:16:15Z,16.85,
11A,2025-02-04T07:16:30Z,16.82,
11A,2025-02-04T07:16:45Z,17.67,
11A,2025-02-04T07:17:00Z,17.97,
11A,2025-02-04T07:17:15Z,19.05,
11A,2025-02-04T07:17:30Z,18.92,
11A,2025-02-04T07:17:45Z,18.55,
11A,2025-02-04T07:18:00Z,19.05,
11A,2025-02-04T07:18:15Z,19.1,
11A,2025-02-04T07:18:30Z,15.52,
11A,2025-02-04T07:18:45Z,15.47,
11A,2025-02-04T07:19:00Z,15.43,
11A,2025-02-04T07:19:15Z,15.59,
11A,2025-02-04T07:19:30Z,15.56,
11A,2025-02-04T07:19:45Z,14.58,
11A,2025-02-04T07:20:00Z,14.59,
11A,2025-02-04T07:20:15Z,14.64,
11A,2025-02-04T07:20:30Z,14.57,
11A,2025-02-04T07:20:45Z,14.46,
11A,2025-02-04T07:21:00Z,14.5,
11A,2025-02-04T07:21:15Z,14.48,
11A,2025-02-04T07:21:30Z,14.47,
11A,2025-02-04T07:21:45Z,14.63,
11A,2025-02-04T07:22:00Z,14.689999999999998,
11A,2025-02-04T07:22:15Z,14.669999999999998,
11A,2025-02-04T07:22:30Z,14.73,
11A,2025-02-04T07:22:45Z,13.69,
11A,2025-02-04T07:23:00Z,14.43,
11A,2025-02-04T07:23:15Z,14.76,
11A,2025-02-04T07:23:30Z,14.75,
11A,2025-02-04T07:23:45Z,14.65,
11A,2025-02-04T07:24:00Z,14.61,
11A,2025-02-04T07:24:15Z,14.65,
11A,2025-02-04T07:24:30Z,14.71,
11A,2025-02-04T07:24:45Z,14.65,
11A,2025-02-04T07:25:00Z,14.73,
11A,2025-02-04T07:25:15Z,14.73,
11A,2025-02-04T07:25:30Z,14.8,
11A,2025-02-04T07:25:45Z,15.63,
11A,2025-02-04T07:26:00Z,14.73,
11A,2025-02-04T07:26:15Z,14.68,
11A,2025-02-04T07:26:30Z,14.830000000000002,
11A,2025-02-04T07:26:45Z,14.830000000000002,
11A,2025-02-04T07:27:00Z,14.77,
11A,2025-02-04T07:27:15Z,14.71,
11A,2025-02-04T07:27:30Z,14.69,
11A,2025-02-04T07:27:45Z,18.84,
11A,2025-02-04T07:28:00Z,18.7,
11A,2025-02-04T07:28:15Z,18.46,
11A,2025-02-04T07:28:30Z,18.44,
11A,2025-02-04T07:28:45Z,18.47,
11A,2025-02-04T07:29:00Z,19.17,
11A,2025-02-04T07:29:15Z,19.33,
11A,2025-02-04T07:29:30Z,19.4,
11A,2025-02-04T07:29:45Z,19.46,
11A,2025-02-04T07:30:00Z,19.43,
11A,2025-02-04T07:30:15Z,18.42,
11A,2025-02-04T07:30:30Z,18.41,
11A,2025-02-04T07:30:45Z,18.42,
11A,2025-02-04T07:31:00Z,18.43,
11A,2025-02-04T07:31:15Z,18.79,
11A,2025-02-04T07:31:30Z,18.630000000000003,
11A,2025-02-04T07:31:45Z,18.49,
11A,2025-02-04T07:32:00Z,14.78,
11A,2025-02-04T07:32:15Z,14.8,
11A,2025-02-04T07:32:30Z,14.920000000000002,
11A,2025-02-04T07:32:45Z,14.07,
11A,2025-02-04T07:33:00Z,14.03,
11A,2025-02-04T07:33:15Z,15.1,
11A,2025-02-04T07:33:30Z,14.099999999999998,
11A,2025-02-04T07:33:45Z,14.099999999999998,
11A,2025-02-04T07:34:00Z,14.22,
11A,2025-02-04T07:34:15Z,14.05,
11A,2025-02-04T07:34:30Z,14.12,
11A,2025-02-04T07:34:45Z,14.05,
11A,2025-02-04T07:35:00Z,14.260000000000002,
11A,2025-02-04T07:35:15Z,14.23,
11A,2025-02-04T07:35:30Z,14.170000000000002,
11A,2025-02-04T07:35:45Z,14.21,
11A,2025-02-04T07:36:00Z,14.1,
11A,2025-02-04T07:36:15Z,14.07,
11A,2025-02-04T07:36:30Z,14.94,
11A,2025-02-04T07:36:45Z,14.919999999999998,
11A,2025-02-04T07:37:00Z,15.189999999999998,
11A,2025-02-04T07:37:15Z,14.990000000000002,
11A,2025-02-04T07:37:30Z,14.88,
11A,2025-02-04T07:37:45Z,15.61,
11A,2025-02-04T07:38:00Z,15.6,
11A,2025-02-04T07:38:15Z,16.01,
11A,2025-02-04T07:38:30Z,15.29,
11A,2025-02-04T07:38:45Z,15.19,
11A,2025-02-04T07:39:00Z,15.37,
11A,2025-02-04T07:39:15Z,15.400000000000002,
11A,2025-02-04T07:39:30Z,15.329999999999998,
11A,2025-02-04T07:39:45Z,15.410000000000002,
11A,2025-02-04T07:40:00Z,15.38,
11A,2025-02-04T07:40:15Z,15.36,
11A,2025-02-04T07:40:30Z,15.420000000000002,
11A,2025-02-04T07:40:45Z,15.92,
11A,2025-02-04T07:41:00Z,15.86,
11A,2025-02-04T07:41:15Z,19.94,
11A,2025-02-04T07:41:30Z,20.87,
11A,2025-02-04T07:41:45Z,20.76,
11A,2025-02-04T07:42:00Z,20.69,
11A,2025-02-04T07:42:15Z,20.48,
11A,2025-02-04T07:42:30Z,20.43,
11A,2025-02-04T07:42:45Z,20.51,
11A,2025-02-04T07:43:00Z,20.5,
11A,2025-02-04T07:43:15Z,20.44,
11A,2025-02-04T07:43:30Z,19.96,
11A,2025-02-04T07:43:45Z,20.01,
11A,2025-02-04T07:44:00Z,18.96,
11A,2025-02-04T07:44:15Z,18.98,
11A,2025-02-04T07:44:30Z,18.96,
11A,2025-02-04T07:44:45Z,18.9,
11A,2025-02-04T07:45:00Z,18.88,
11A,2025-02-04T07:45:15Z,15.28,
11A,2025-02-04T07:45:30Z,15.41,
11A,2025-02-04T07:45:45Z,15.46,
11A,2025-02-04T07:46:00Z,15.46,
11A,2025-02-04T07:46:15Z,15.41,
11A,2025-02-04T07:46:30Z,15.59,
11A,2025-02-04T07:46:45Z,15.47,
11A,2025-02-04T07:47:00Z,15.43,
11A,2025-02-04T07:47:15Z,15.349999999999998,
11A,2025-02-04T07:47:30Z,15.38,
11A,2025-02-04T07:47:45Z,15.09,
11A,2025-02-04T07:48:00Z,15.12,
11A,2025-02-04T07:48:15Z,15.07,
11A,2025-02-04T07:48:30Z,14.94,
11A,2025-02-04T07:48:45Z,15.37,
11A,2025-02-04T07:49:00Z,15.52,
11A,2025-02-04T07:49:15Z,17.43,
11A,2025-02-04T07:49:30Z,15.4,
11A,2025-02-04T07:49:45Z,15.35,
11A,2025-02-04T07:50:00Z,16.1,
11A,2025-02-04T07:50:15Z,16.21,
11A,2025-02-04T07:50:30Z,16.11,
11A,2025-02-04T07:50:45Z,16.3,
11A,2025-02-04T07:51:00Z,16.09,
11A,2025-02-04T07:51:15Z,16.41,
11A,2025-02-04T07:51:30Z,16.55,
11A,2025-02-04T07:51:45Z,16.630000000000003,
11A,2025-02-04T07:52:00Z,16.669999999999998,
11A,2025-02-04T07:52:15Z,16.65,
11A,2025-02-04T07:52:30Z,16.59,
11A,2025-02-04T07:52:45Z,16.330000000000002,
11A,2025-02-04T07:53:00Z,16.22,
11A,2025-02-04T07:53:15Z,16.25,
11A,2025-02-04T07:53:30Z,16.25,
11A,2025-02-04T07:53:45Z,16.27,
11A,2025-02-04T07:54:00Z,16.43,
11A,2025-02-04T07:54:15Z,18.59,
11A,2025-02-04T07:54:30Z,17.5,
11A,2025-02-04T07:54:45Z,21.62,
11A,2025-02-04T07:55:00Z,21.57,
11A,2025-02-04T07:55:15Z,21.84,
11A,2025-02-04T07:55:30Z,21.09,
11A,2025-02-04T07:55:45Z,21.24,
11A,2025-02-04T07:56:00Z,21.27,
11A,2025-02-04T07:56:15Z,22.69,
11A,2025-02-04T07:56:30Z,21.32,
11A,2025-02-04T07:56:45Z,21.39,
11A,2025-02-04T07:57:00Z,21.39,
11A,2025-02-04T07:57:15Z,22.3,
11A,2025-02-04T07:57:30Z,22.450000000000003,
11A,2025-02-04T07:57:45Z,22.65,
11A,2025-02-04T07:58:00Z,22.700000000000003,
11A,2025-02-04T07:58:15Z,22.75,
11A,2025-02-04T07:58:30Z,22.58,
11A,2025-02-04T07:58:45Z,18.64,
11A,2025-02-04T07:59:00Z,18.51,
11A,2025-02-04T07:59:15Z,18.94,
11A,2025-02-04T07:59:30Z,19.01,
11A,2025-02-04T07:59:45Z,18.85,
11A,2025-02-04T08:00:00Z,18.92,
11A,2025-02-04T08:00:15Z,17.45,
11A,2025-02-04T08:00:30Z,18.24,
11A,2025-02-04T08:00:45Z,18.33,
11A,2025-02-04T08:01:00Z,18.33,
11A,2025-02-04T08:01:15Z,18.13,
11A,2025-02-04T08:01:30Z,18.12,
11A,2025-02-04T08:01:45Z,17.98,
11A,2025-02-04T08:02:00Z,17.990000000000002,
11A,2025-02-04T08:02:15Z,18.06,
11A,2025-02-04T08:02:30Z,18.04,
11A,2025-02-04T08:02:45Z,17.93,
11A,2025-02-04T08:03:00Z,17.15,
11A,2025-02-04T08:03:15Z,17.76,
11A,2025-02-04T08:03:30Z,17.83,
11A,2025-02-04T08:03:45Z,25.52,
11A,2025-02-04T08:04:30Z,32.33,
11A,2025-02-04T08:04:45Z,32.1,
11A,2025-02-04T08:05:00Z,32.16,
11A,2025-02-04T08:05:15Z,32.4,
11A,2025-02-04T08:05:30Z,32.49,
11A,2025-02-04T08:05:45Z,32.28,
11A,2025-02-04T08:06:00Z,33.29,
11A,2025-02-04T08:06:15Z,34.27,
11A,2025-02-04T08:06:30Z,35.22,
11A,2025-02-04T08:06:45Z,35.36,
11A,2025-02-04T08:07:00Z,35.85,
11A,2025-02-04T08:07:15Z,36.01,
11A,2025-02-04T08:07:30Z,36.02,
11A,2025-02-04T08:07:45Z,35.9,
11A,2025-02-04T08:08:00Z,35.93,
11A,2025-02-04T08:08:15Z,40.650000000000006,
11A,2025-02-04T08:08:30Z,40.09,
11A,2025-02-04T08:08:45Z,41.67,
11A,2025-02-04T08:09:00Z,41.77,
11A,2025-02-04T08:09:15Z,41.2,
11A,2025-02-04T08:09:30Z,39.92,
11A,2025-02-04T08:09:45Z,40.31,
11A,2025-02-04T08:10:00Z,40.62,
11A,2025-02-04T08:10:15Z,40.6,
11A,2025-02-04T08:10:30Z,40.620000000000005,
11A,2025-02-04T08:10:45Z,40.57000000000001,
11A,2025-02-04T08:11:00Z,40.59,
11A,2025-02-04T08:11:15Z,40.54,
11A,2025-02-04T08:11:30Z,40.58,
11A,2025-02-04T08:11:45Z,40.58,
11A,2025-02-04T08:12:00Z,40.53,
11A,2025-02-04T08:12:15Z,41.19,
11A,2025-02-04T08:12:30Z,38.69,
11A,2025-02-04T08:12:45Z,38.82,
11A,2025-02-04T08:13:00Z,38.83,
11A,2025-02-04T08:13:15Z,38.72,
11A,2025-02-04T08:13:30Z,38.63,
11A,2025-02-04T08:13:45Z,38.61,
11A,2025-02-04T08:14:00Z,38.57,
11A,2025-02-04T08:14:15Z,38.64,
11A,2025-02-04T08:14:30Z,38.64,
11A,2025-02-04T08:14:45Z,38.6,
11A,2025-02-04T08:15:00Z,39.0,
11A,2025-02-04T08:15:15Z,38.96,
11A,2025-02-04T08:15:30Z,34.46,
11A,2025-02-04T08:15:45Z,34.53,
11A,2025-02-04T08:16:00Z,34.28,
11A,2025-02-04T08:16:15Z,34.39,
11A,2025-02-04T08:16:30Z,33.43,
11A,2025-02-04T08:16:45Z,32.78,
11A,2025-02-04T08:17:00Z,33.169999999999995,
11A,2025-02-04T08:17:15Z,32.599999999999994,
11A,2025-02-04T08:17:30Z,32.08,
11A,2025-02-04T08:17:45Z,32.1,
11A,2025-02-04T08:18:00Z,32.0,
11A,2025-02-04T08:18:15Z,32.150000000000006,
11A,2025-02-04T08:18:30Z,37.15,
11A,2025-02-04T08:18:45Z,37.31,
11A,2025-02-04T08:19:00Z,36.6,
11A,2025-02-04T08:19:15Z,36.53,
11A,2025-02-04T08:19:30Z,41.46,
11A,2025-02-04T08:19:45Z,41.68,
11A,2025-02-04T08:20:00Z,41.72,
11A,2025-02-04T08:20:15Z,41.57,
11A,2025-02-04T08:20:30Z,41.79,
11A,2025-02-04T08:20:45Z,41.39,
11A,2025-02-04T08:21:00Z,41.44,
11A,2025-02-04T08:21:15Z,37.61,
11A,2025-02-04T08:21:30Z,37.89,
11A,2025-02-04T08:21:45Z,37.84,
11A,2025-02-04T08:22:00Z,37.75,
11A,2025-02-04T08:22:15Z,41.9,
11A,2025-02-04T08:22:30Z,44.68,
11A,2025-02-04T08:22:45Z,43.52,
11A,2025-02-04T08:23:00Z,44.52,
11A,2025-02-04T08:23:15Z,44.74,
11A,2025-02-04T08:23:30Z,43.52,
11A,2025-02-04T08:23:45Z,43.03,
11A,2025-02-04T08:24:00Z,42.58,
11A,2025-02-04T08:24:15Z,42.64,
11A,2025-02-04T08:24:30Z,43.35,
11A,2025-02-04T08:24:45Z,43.47,
11A,2025-02-04T08:25:00Z,48.5,
11A,2025-02-04T08:25:15Z,47.87,
11A,2025-02-04T08:25:30Z,47.9,
11A,2025-02-04T08:25:45Z,47.95,
11A,2025-02-04T08:26:00Z,49.040000000000006,
11A,2025-02-04T08:26:15Z,48.09,
11A,2025-02-04T08:26:30Z,48.28,
11A,2025-02-04T08:26:45Z,45.60000000000001,
11A,2025-02-04T08:27:00Z,45.65,
11A,2025-02-04T08:27:15Z,41.2,
11A,2025-02-04T08:27:30Z,41.06,
11A,2025-02-04T08:27:45Z,40.85,
11A,2025-02-04T08:28:00Z,40.71,
11A,2025-02-04T08:28:15Z,40.83,
11A,2025-02-04T08:28:30Z,40.68,
11A,2025-02-04T08:28:45Z,40.73,
11A,2025-02-04T08:29:00Z,40.79,
11A,2025-02-04T08:29:15Z,43.11,
11A,2025-02-04T08:29:30Z,42.93000000000001,
11A,2025-02-04T08:29:45Z,42.08,
11A,2025-02-04T08:30:00Z,46.64,
11A,2025-02-04T08:30:15Z,46.78,
11A,2025-02-04T08:30:30Z,47.33,
11A,2025-02-04T08:30:45Z,47.3,
11A,2025-02-04T08:31:00Z,51.36,
11A,2025-02-04T08:31:15Z,51.79,
11A,2025-02-04T08:31:30Z,51.08,
11A,2025-02-04T08:31:45Z,50.86,
11A,2025-02-04T08:32:00Z,51.02,
11A,2025-02-04T08:32:15Z,57.82,
11A,2025-02-04T08:32:30Z,57.650000000000006,
11A,2025-02-04T08:32:45Z,63.6,
11A,2025-02-04T08:33:00Z,59.96,
11A,2025-02-04T08:33:15Z,61.370000000000005,
11A,2025-02-04T08:33:30Z,61.370000000000005,
11A,2025-02-04T08:33:45Z,61.13,
11A,2025-02-04T08:34:00Z,65.3,
11A,2025-02-04T08:34:15Z,68.35,
11A,2025-02-04T08:34:30Z,69.57000000000001,
11A,2025-02-04T08:34:45Z,68.98,
11A,2025-02-04T08:35:00Z,68.87,
11A,2025-02-04T08:35:15Z,72.66,
11A,2025-02-04T08:35:30Z,72.58000000000001,
11A,2025-02-04T08:35:45Z,76.87,
11A,2025-02-04T08:36:00Z,77.03999999999999,
11A,2025-02-04T08:36:15Z,78.13999999999999,
11A,2025-02-04T08:36:30Z,85.69999999999999,
11A,2025-02-04T08:36:45Z,89.79,
11A,2025-02-04T08:37:00Z,89.25,
11A,2025-02-04T08:37:15Z,89.13,
11A,2025-02-04T08:37:30Z,89.43,
11A,2025-02-04T08:37:45Z,89.45,
11A,2025-02-04T08:38:00Z,93.34,
11A,2025-02-04T08:38:15Z,90.46,
11A,2025-02-04T08:38:30Z,89.46,
11A,2025-02-04T08:38:45Z,88.96,
11A,2025-02-04T08:39:00Z,89.52000000000001,
11A,2025-02-04T08:39:15Z,88.32000000000001,
11A,2025-02-04T08:39:30Z,82.72999999999999,
11A,2025-02-04T08:39:45Z,82.88,
11A,2025-02-04T08:40:00Z,83.03999999999999,
11A,2025-02-04T08:40:15Z,82.74000000000001,
11A,2025-02-04T08:40:30Z,79.69999999999999,
11A,2025-02-04T08:40:45Z,79.19,
11A,2025-02-04T08:41:00Z,78.9,
11A,2025-02-04T08:41:15Z,79.07,
11A,2025-02-04T08:41:30Z,79.98,
11A,2025-02-04T08:41:45Z,78.78,
11A,2025-02-04T08:42:00Z,79.85,
11A,2025-02-04T08:42:15Z,80.62,
11A,2025-02-04T08:42:30Z,80.93,
11A,2025-02-04T08:42:45Z,80.95,
11A,2025-02-04T08:43:00Z,80.87,
11A,2025-02-04T08:43:15Z,89.22999999999999,
11A,2025-02-04T08:43:30Z,86.41999999999999,
11A,2025-02-04T08:43:45Z,85.68,
11A,2025-02-04T08:44:00Z,85.57,
11A,2025-02-04T08:44:15Z,85.46000000000001,
11A,2025-02-04T08:44:30Z,85.35,
11A,2025-02-04T08:44:45Z,85.28,
11A,2025-02-04T08:45:00Z,85.81,
11A,2025-02-04T08:45:15Z,85.43,
11A,2025-02-04T08:45:30Z,85.53,
11A,2025-02-04T08:45:45Z,85.45,
11A,2025-02-04T08:46:00Z,85.43,
11A,2025-02-04T08:46:15Z,82.1,
11A,2025-02-04T08:46:30Z,79.06,
11A,2025-02-04T08:46:45Z,78.25,
11A,2025-02-04T08:47:00Z,78.46000000000001,
11A,2025-02-04T08:47:15Z,78.36,
11A,2025-02-04T08:47:30Z,78.23,
11A,2025-02-04T08:47:45Z,78.32000000000001,
11A,2025-02-04T08:48:00Z,77.25,
11A,2025-02-04T08:48:15Z,77.11,
11A,2025-02-04T08:48:30Z,78.08,
11A,2025-02-04T08:48:45Z,77.14,
11A,2025-02-04T08:49:00Z,77.24000000000001,
11A,2025-02-04T08:49:15Z,77.46,
11A,2025-02-04T08:49:30Z,77.38,
11A,2025-02-04T08:49:45Z,77.42999999999999,
11A,2025-02-04T08:50:00Z,77.83,
11A,2025-02-04T08:50:15Z,86.63,
11A,2025-02-04T08:50:30Z,86.19,
11A,2025-02-04T08:50:45Z,87.1,
11A,2025-02-04T08:51:00Z,87.01,
11A,2025-02-04T08:51:15Z,87.47,
11A,2025-02-04T08:51:30Z,87.38,
11A,2025-02-04T08:51:45Z,87.53999999999999,
11A,2025-02-04T08:52:00Z,87.28999999999999,
11A,2025-02-04T08:52:15Z,87.19,
11A,2025-02-04T08:52:30Z,84.59,
11A,2025-02-04T08:52:45Z,84.9,
11A,2025-02-04T08:53:00Z,85.08,
11A,2025-02-04T08:53:15Z,85.03,
11A,2025-02-04T08:53:30Z,85.59,
11A,2025-02-04T08:53:45Z,85.43,
11A,2025-02-04T08:54:00Z,85.47999999999999,
11A,2025-02-04T08:54:15Z,85.44999999999999,
11A,2025-02-04T08:54:30Z,81.63,
11A,2025-02-04T08:54:45Z,80.61999999999999,
11A,2025-02-04T08:55:00Z,64.21000000000001,
11A,2025-02-04T08:55:15Z,64.33,
11A,2025-02-04T08:55:30Z,70.42,
11A,2025-02-04T08:55:45Z,68.98,
11A,2025-02-04T08:56:00Z,68.68,
11A,2025-02-04T08:56:15Z,68.57,
11A,2025-02-04T08:56:30Z,68.56,
11A,2025-02-04T08:56:45Z,68.64,
11A,2025-02-04T08:57:00Z,68.35,
11A,2025-02-04T08:57:15Z,68.35,
11A,2025-02-04T08:57:30Z,69.5,
11A,2025-02-04T08:57:45Z,70.09,
11A,2025-02-04T08:58:00Z,65.35,
11A,2025-02-04T08:58:15Z,65.3,
11A,2025-02-04T08:58:30Z,65.35,
11A,2025-02-04T08:58:45Z,64.44999999999999,
11A,2025-02-04T08:59:00Z,64.37,
11A,2025-02-04T08:59:15Z,64.85,
11A,2025-02-04T08:59:30Z,64.49000000000001,
11A,2025-02-04T08:59:45Z,64.2,
11A,2025-02-04T09:00:00Z,63.36,
11A,2025-02-04T09:00:15Z,63.91,
11A,2025-02-04T09:00:30Z,63.2,
11A,2025-02-04T09:00:45Z,61.72,
11A,2025-02-04T09:01:00Z,67.08,
11A,2025-02-04T09:01:15Z,67.30000000000001,
11A,2025-02-04T09:01:30Z,68.21,
11A,2025-02-04T09:01:45Z,68.00999999999999,
11A,2025-02-04T09:02:00Z,68.77,
11A,2025-02-04T09:02:15Z,65.92999999999999,
11A,2025-02-04T09:02:30Z,66.46000000000001,
11A,2025-02-04T09:02:45Z,65.8,
11A,2025-02-04T09:03:00Z,65.56,
11A,2025-02-04T09:03:15Z,65.6,
11A,2025-02-04T09:03:30Z,61.34,
11A,2025-02-04T09:03:45Z,62.35000000000001,
11A,2025-02-04T09:04:00Z,62.26,
11A,2025-02-04T09:04:15Z,66.43,
11A,2025-02-04T09:04:30Z,66.53999999999999,
11A,2025-02-04T09:04:45Z,66.34,
11A,2025-02-04T09:05:00Z,66.03,
11A,2025-02-04T09:05:15Z,66.19,
11A,2025-02-04T09:05:30Z,67.74,
11A,2025-02-04T09:05:45Z,68.53,
11A,2025-02-04T09:06:00Z,67.77000000000001,
11A,2025-02-04T09:06:15Z,68.88,
11A,2025-02-04T09:06:30Z,70.45,
11A,2025-02-04T09:06:45Z,69.87,
11A,2025-02-04T09:07:00Z,75.31,
11A,2025-02-04T09:07:15Z,75.65,
11A,2025-02-04T09:07:30Z,76.30000000000001,
11A,2025-02-04T09:07:45Z,77.94,
11A,2025-02-04T09:08:00Z,76.83,
11A,2025-02-04T09:08:15Z,78.42,
11A,2025-02-04T09:08:30Z,74.75999999999999,
11A,2025-02-04T09:08:45Z,74.78,
11A,2025-02-04T09:09:00Z,74.82,
11A,2025-02-04T09:09:15Z,75.17999999999999,
11A,2025-02-04T09:09:30Z,74.99,
11A,2025-02-04T09:09:45Z,75.02,
11A,2025-02-04T09:10:00Z,69.57,
11A,2025-02-04T09:10:15Z,69.64,
11A,2025-02-04T09:10:30Z,69.35,
11A,2025-02-04T09:10:45Z,68.62,
11A,2025-02-04T09:11:00Z,69.37,
11A,2025-02-04T09:11:15Z,69.36000000000001,
11A,2025-02-04T09:11:30Z,69.1,
11A,2025-02-04T09:11:45Z,69.13000000000001,
11A,2025-02-04T09:12:00Z,68.49000000000001,
11A,2025-02-04T09:12:15Z,68.83,
11A,2025-02-04T09:12:30Z,69.47,
11A,2025-02-04T09:12:45Z,68.29,
11A,2025-02-04T09:13:00Z,69.28,
11A,2025-02-04T09:13:15Z,71.07,
11A,2025-02-04T09:13:30Z,69.81,
11A,2025-02-04T09:13:45Z,69.78,
11A,2025-02-04T09:14:00Z,75.11,
11A,2025-02-04T09:14:15Z,74.25999999999999,
11A,2025-02-04T09:14:30Z,73.97,
11A,2025-02-04T09:14:45Z,73.52,
11A,2025-02-04T09:15:00Z,74.27,
11A,2025-02-04T09:15:15Z,73.35,
11A,2025-02-04T09:15:30Z,73.34,
11A,2025-02-04T09:15:45Z,73.37,
11A,2025-02-04T09:16:00Z,73.57,
11A,2025-02-04T09:16:15Z,73.37,
11A,2025-02-04T09:16:30Z,73.62,
11A,2025-02-04T09:16:45Z,73.56,
11A,2025-02-04T09:17:00Z,73.56,
11A,2025-02-04T09:17:15Z,68.49000000000001,
11A,2025-02-04T09:17:30Z,67.18,
11A,2025-02-04T09:17:45Z,67.39,
11A,2025-02-04T09:18:00Z,67.10000000000001,
11A,2025-02-04T09:18:15Z,69.49000000000001,
11A,2025-02-04T09:18:30Z,69.31,
11A,2025-02-04T09:18:45Z,70.32,
11A,2025-02-04T09:19:00Z,69.18,
11A,2025-02-04T09:19:15Z,69.14,
11A,2025-02-04T09:19:30Z,69.91,
11A,2025-02-04T09:19:45Z,69.4,
11A,2025-02-04T09:20:00Z,69.42,
11A,2025-02-04T09:20:15Z,69.32,
11A,2025-02-04T09:20:30Z,70.5,
11A,2025-02-04T09:20:45Z,70.17,
11A,2025-02-04T09:21:00Z,69.88,
11A,2025-02-04T09:21:15Z,69.81,
11A,2025-02-04T09:21:30Z,76.39,
11A,2025-02-04T09:21:45Z,77.24,
11A,2025-02-04T09:22:00Z,76.80000000000001,
11A,2025-02-04T09:22:15Z,73.03999999999999,
11A,2025-02-04T09:22:30Z,73.11,
11A,2025-02-04T09:22:45Z,73.43,
11A,2025-02-04T09:23:00Z,73.46000000000001,
11A,2025-02-04T09:23:15Z,72.72,
11A,2025-02-04T09:23:30Z,72.67,
11A,2025-02-04T09:23:45Z,72.63,
11A,2025-02-04T09:24:00Z,72.5,
11A,2025-02-04T09:24:15Z,74.74,
11A,2025-02-04T09:24:30Z,70.06,
11A,2025-02-04T09:24:45Z,70.3,
11A,2025-02-04T09:25:00Z,70.91,
11A,2025-02-04T09:25:15Z,73.69,
11A,2025-02-04T09:25:30Z,72.42,
11A,2025-02-04T09:25:45Z,72.19,
11A,2025-02-04T09:26:00Z,72.22,
11A,2025-02-04T09:26:15Z,73.81,
11A,2025-02-04T09:26:30Z,73.02,
11A,2025-02-04T09:26:45Z,73.0,
11A,2025-02-04T09:27:00Z,68.39,
11A,2025-02-04T09:27:15Z,75.35,
11A,2025-02-04T09:27:30Z,68.56,
11A,2025-02-04T09:27:45Z,68.81,
11A,2025-02-04T09:28:00Z,68.91,
11A,2025-02-04T09:28:15Z,69.76,
11A,2025-02-04T09:28:30Z,69.59,
11A,2025-02-04T09:28:45Z,74.71000000000001,
11A,2025-02-04T09:29:00Z,74.44,
11A,2025-02-04T09:29:15Z,74.8,
11A,2025-02-04T09:29:30Z,74.66,
11A,2025-02-04T09:29:45Z,74.57,
11A,2025-02-04T09:30:00Z,74.92,
11A,2025-02-04T09:30:15Z,74.87,
11A,2025-02-04T09:30:30Z,74.77,
11A,2025-02-04T09:30:45Z,74.72,
11A,2025-02-04T09:31:00Z,74.96,
11A,2025-02-04T09:31:15Z,74.88,
11A,2025-02-04T09:31:30Z,70.39,
11A,2025-02-04T09:31:45Z,70.4,
11A,2025-02-04T09:32:00Z,75.27,
11A,2025-02-04T09:32:15Z,74.8,
11A,2025-02-04T09:32:30Z,74.65,
11A,2025-02-04T09:32:45Z,74.5,
11A,2025-02-04T09:33:00Z,74.52,
11A,2025-02-04T09:33:15Z,74.35,
11A,2025-02-04T09:33:30Z,74.2,
11A,2025-02-04T09:33:45Z,74.44,
11A,2025-02-04T09:34:00Z,74.52,
11A,2025-02-04T09:34:15Z,73.86,
11A,2025-02-04T09:34:30Z,73.97,
11A,2025-02-04T09:34:45Z,76.58000000000001,
11A,2025-02-04T09:35:00Z,75.03,
11A,2025-02-04T09:35:15Z,76.39,
11A,2025-02-04T09:35:30Z,76.22,
11A,2025-02-04T09:35:45Z,81.28999999999999,
11A,2025-02-04T09:36:00Z,80.5,
11A,2025-02-04T09:36:15Z,80.24,
11A,2025-02-04T09:36:30Z,76.54,
11A,2025-02-04T09:36:45Z,76.69,
11A,2025-02-04T09:37:00Z,76.66,
11A,2025-02-04T09:37:15Z,76.73,
11A,2025-02-04T09:37:30Z,76.85,
11A,2025-02-04T09:37:45Z,76.96000000000001,
11A,2025-02-04T09:38:00Z,79.35,
11A,2025-02-04T09:38:15Z,79.06,
11A,2025-02-04T09:38:30Z,75.47999999999999,
11A,2025-02-04T09:38:45Z,74.27,
11A,2025-02-04T09:39:00Z,74.3,
11A,2025-02-04T09:39:15Z,74.30000000000001,
11A,2025-02-04T09:39:30Z,70.49,
11A,2025-02-04T09:39:45Z,71.5,
11A,2025-02-04T09:40:00Z,70.53,
11A,2025-02-04T09:40:15Z,70.0,
11A,2025-02-04T09:40:30Z,70.43,
11A,2025-02-04T09:40:45Z,69.94,
11A,2025-02-04T09:41:00Z,70.68,
11A,2025-02-04T09:41:15Z,70.49000000000001,
11A,2025-02-04T09:41:30Z,70.12,
11A,2025-02-04T09:41:45Z,70.00999999999999,
11A,2025-02-04T09:42:00Z,70.14999999999999,
11A,2025-02-04T09:42:15Z,70.12,
11A,2025-02-04T09:42:30Z,70.92,
11A,2025-02-04T09:42:45Z,71.6,
11A,2025-02-04T09:43:00Z,76.73,
11A,2025-02-04T09:43:15Z,76.07,
11A,2025-02-04T09:43:30Z,75.61,
11A,2025-02-04T09:43:45Z,76.1,
11A,2025-02-04T09:44:00Z,77.26,
11A,2025-02-04T09:44:15Z,74.88,
11A,2025-02-04T09:44:30Z,75.12,
11A,2025-02-04T09:44:45Z,77.1,
11A,2025-02-04T09:45:00Z,77.4,
11A,2025-02-04T09:45:15Z,83.82,
11A,2025-02-04T09:45:30Z,83.25,
11A,2025-02-04T09:45:45Z,78.29,
11A,2025-02-04T09:46:00Z,81.41,
11A,2025-02-04T09:46:15Z,82.19,
11A,2025-02-04T09:46:30Z,86.42,
11A,2025-02-04T09:46:45Z,84.2,
11A,2025-02-04T09:47:00Z,85.76,
11A,2025-02-04T09:47:15Z,85.91,
11A,2025-02-04T09:47:30Z,86.0,
11A,2025-02-04T09:47:45Z,86.26,
11A,2025-02-04T09:48:00Z,85.92,
11A,2025-02-04T09:48:15Z,85.58,
11A,2025-02-04T09:48:30Z,85.19,
11A,2025-02-04T09:48:45Z,85.25,
11A,2025-02-04T09:49:00Z,85.1,
11A,2025-02-04T09:49:15Z,86.46000000000001,
11A,2025-02-04T09:49:30Z,90.77,
11A,2025-02-04T09:49:45Z,89.97,
11A,2025-02-04T09:50:00Z,85.6,
11A,2025-02-04T09:50:15Z,86.55,
11A,2025-02-04T09:50:30Z,86.82,
11A,2025-02-04T09:50:45Z,83.98,
11A,2025-02-04T09:51:00Z,82.03999999999999,
11A,2025-02-04T09:51:15Z,83.98,
11A,2025-02-04T09:51:30Z,83.85,
11A,2025-02-04T09:51:45Z,84.87,
11A,2025-02-04T09:52:00Z,86.02,
11A,2025-02-04T09:52:15Z,83.35000000000001,
11A,2025-02-04T09:52:30Z,83.64,
11A,2025-02-04T09:52:45Z,78.53,
11A,2025-02-04T09:53:00Z,78.32,
11A,2025-02-04T09:53:15Z,77.24,
11A,2025-02-04T09:53:30Z,77.3,
11A,2025-02-04T09:53:45Z,76.93,
11A,2025-02-04T09:54:00Z,76.97999999999999,
11A,2025-02-04T09:54:15Z,76.81,
11A,2025-02-04T09:54:30Z,76.9,
11A,2025-02-04T09:54:45Z,76.7,
11A,2025-02-04T09:55:00Z,75.34,
11A,2025-02-04T09:55:15Z,77.06,
11A,2025-02-04T09:55:30Z,77.08,
11A,2025-02-04T09:55:45Z,73.53999999999999,
11A,2025-02-04T09:56:00Z,73.44000000000001,
11A,2025-02-04T09:56:15Z,73.46,
11A,2025-02-04T09:56:30Z,73.3,
11A,2025-02-04T09:56:45Z,73.39999999999999,
11A,2025-02-04T09:57:00Z,78.45,
11A,2025-02-04T09:57:15Z,78.71000000000001,
11A,2025-02-04T09:57:30Z,78.47,
11A,2025-02-04T09:57:45Z,79.58,
11A,2025-02-04T09:58:00Z,83.03999999999999,
11A,2025-02-04T09:58:15Z,83.46,
11A,2025-02-04T09:58:30Z,83.67999999999999,
11A,2025-02-04T09:58:45Z,82.0,
11A,2025-02-04T09:59:00Z,81.87,
11A,2025-02-04T09:59:15Z,81.82,
11A,2025-02-04T09:59:30Z,77.1,
11A,2025-02-04T09:59:45Z,81.07,
11A,2025-02-04T10:00:00Z,79.16,
11A,2025-02-04T10:00:15Z,79.9,
11A,2025-02-04T10:00:30Z,79.08,
11A,2025-02-04T10:00:45Z,79.08,
11A,2025-02-04T10:01:00Z,77.14,
11A,2025-02-04T10:01:15Z,77.62,
11A,2025-02-04T10:01:30Z,77.80000000000001,
11A,2025-02-04T10:01:45Z,78.59,
11A,2025-02-04T10:02:00Z,78.50999999999999,
11A,2025-02-04T10:02:15Z,76.19,
11A,2025-02-04T10:02:30Z,73.82,
11A,2025-02-04T10:02:45Z,73.75,
11A,2025-02-04T10:03:30Z,76.51,
11A,2025-02-04T10:03:45Z,81.85,
11A,2025-02-04T10:04:00Z,76.97,
11A,2025-02-04T10:04:15Z,79.99,
11A,2025-02-04T10:04:30Z,80.46,
11A,2025-02-04T10:04:45Z,88.53,
11A,2025-02-04T10:05:00Z,86.19999999999999,
11A,2025-02-04T10:05:15Z,85.73,
11A,2025-02-04T10:05:30Z,94.38,
11A,2025-02-04T10:05:45Z,87.02000000000001,
11A,2025-02-04T10:06:00Z,88.8,
11A,2025-02-04T10:06:15Z,88.6,
11A,2025-02-04T10:06:30Z,88.58,
11A,2025-02-04T10:06:45Z,81.45,
11A,2025-02-04T10:07:00Z,76.02,
11A,2025-02-04T10:07:15Z,74.39,
11A,2025-02-04T10:07:30Z,74.39,
11A,2025-02-04T10:07:45Z,74.45,
11A,2025-02-04T10:08:00Z,74.31,
11A,2025-02-04T10:08:15Z,74.48,
11A,2025-02-04T10:08:30Z,73.07000000000001,
11A,2025-02-04T10:08:45Z,73.25999999999999,
11A,2025-02-04T10:09:00Z,73.24000000000001,
11A,2025-02-04T10:09:15Z,73.33,
11A,2025-02-04T10:09:30Z,75.43,
11A,2025-02-04T10:09:45Z,75.38,
11A,2025-02-04T10:10:00Z,74.58,
11A,2025-02-04T10:10:15Z,84.36,
11A,2025-02-04T10:10:30Z,84.11,
11A,2025-02-04T10:10:45Z,83.97,
11A,2025-02-04T10:11:00Z,85.34,
11A,2025-02-04T10:11:15Z,84.53,
11A,2025-02-04T10:11:30Z,84.58,
11A,2025-02-04T10:11:45Z,89.67,
11A,2025-02-04T10:12:00Z,89.49,
11A,2025-02-04T10:12:15Z,89.32,
11A,2025-02-04T10:12:30Z,89.32,
11A,2025-02-04T10:12:45Z,89.47,
11A,2025-02-04T10:13:00Z,91.94,
11A,2025-02-04T10:13:15Z,90.14,
11A,2025-02-04T10:13:30Z,91.79,
11A,2025-02-04T10:13:45Z,91.72,
11A,2025-02-04T10:14:00Z,89.96000000000001,
11A,2025-02-04T10:14:15Z,85.33,
11A,2025-02-04T10:14:30Z,85.39,
11A,2025-02-04T10:14:45Z,86.38,
11A,2025-02-04T10:15:00Z,86.39,
11A,2025-02-04T10:15:15Z,86.25999999999999,
11A,2025-02-04T10:15:30Z,86.19999999999999,
11A,2025-02-04T10:15:45Z,86.16999999999999,
11A,2025-02-04T10:16:00Z,84.28,
11A,2025-02-04T10:16:15Z,84.22999999999999,
11A,2025-02-04T10:16:30Z,83.9,
11A,2025-02-04T10:16:45Z,83.86,
11A,2025-02-04T10:17:00Z,86.46000000000001,
11A,2025-02-04T10:17:15Z,86.56,
11A,2025-02-04T10:17:30Z,85.45,
11A,2025-02-04T10:17:45Z,85.14,
11A,2025-02-04T10:18:00Z,81.27,
11A,2025-02-04T10:18:15Z,81.21000000000001,
11A,2025-02-04T10:18:30Z,87.47,
11A,2025-02-04T10:18:45Z,86.78999999999999,
11A,2025-02-04T10:19:00Z,86.47,
11A,2025-02-04T10:19:15Z,86.49000000000001,
11A,2025-02-04T10:19:30Z,86.81,
11A,2025-02-04T10:19:45Z,86.99,
11A,2025-02-04T10:20:00Z,83.97,
11A,2025-02-04T10:20:15Z,83.87,
11A,2025-02-04T10:20:30Z,87.49000000000001,
11A,2025-02-04T10:20:45Z,85.84,
11A,2025-02-04T10:21:00Z,86.07000000000001,
11A,2025-02-04T10:21:15Z,83.73,
11A,2025-02-04T10:21:30Z,82.07,
11A,2025-02-04T10:21:45Z,84.16,
11A,2025-02-04T10:22:00Z,81.16,
11A,2025-02-04T10:22:15Z,81.61,
11A,2025-02-04T10:22:30Z,81.62,
11A,2025-02-04T10:22:45Z,81.94,
11A,2025-02-04T10:23:00Z,81.91,
11A,2025-02-04T10:23:15Z,82.2,
11A,2025-02-04T10:23:30Z,82.19,
11A,2025-02-04T10:23:45Z,84.69,
11A,2025-02-04T10:24:00Z,84.56,
11A,2025-02-04T10:24:15Z,84.36000000000001,
11A,2025-02-04T10:24:30Z,84.48,
11A,2025-02-04T10:24:45Z,84.34,
11A,2025-02-04T10:25:00Z,83.55,
11A,2025-02-04T10:25:15Z,80.8,
11A,2025-02-04T10:25:30Z,80.94,
11A,2025-02-04T10:25:45Z,80.86,
11A,2025-02-04T10:26:00Z,87.46,
11A,2025-02-04T10:26:15Z,87.38,
11A,2025-02-04T10:26:30Z,88.36,
11A,2025-02-04T10:26:45Z,87.24000000000001,
11A,2025-02-04T10:27:00Z,83.35,
11A,2025-02-04T10:27:15Z,83.60000000000001,
11A,2025-02-04T10:27:30Z,87.59,
11A,2025-02-04T10:27:45Z,87.72999999999999,
11A,2025-02-04T10:28:00Z,88.37,
11A,2025-02-04T10:28:15Z,95.09,
11A,2025-02-04T10:28:30Z,86.2,
11A,2025-02-04T10:28:45Z,86.13,
11A,2025-02-04T10:29:00Z,81.89,
11A,2025-02-04T10:29:15Z,80.75,
11A,2025-02-04T10:29:30Z,81.47,
11A,2025-02-04T10:29:45Z,80.5,
11A,2025-02-04T10:30:00Z,80.53,
11A,2025-02-04T10:30:15Z,79.83,
11A,2025-02-04T10:30:30Z,79.87,
11A,2025-02-04T10:30:45Z,79.65,
11A,2025-02-04T10:31:00Z,85.84,
11A,2025-02-04T10:31:15Z,80.50999999999999,
11A,2025-02-04T10:31:30Z,81.81,
11A,2025-02-04T10:31:45Z,81.22,
11A,2025-02-04T10:32:00Z,76.08,
11A,2025-02-04T10:32:15Z,77.12,
11A,2025-02-04T10:32:30Z,76.24,
11A,2025-02-04T10:32:45Z,79.75999999999999,
11A,2025-02-04T10:33:00Z,79.57,
11A,2025-02-04T10:33:15Z,80.08,
11A,2025-02-04T10:33:30Z,79.91,
11A,2025-02-04T10:33:45Z,80.00999999999999,
11A,2025-02-04T10:34:00Z,85.47,
11A,2025-02-04T10:34:15Z,84.72,
11A,2025-02-04T10:34:30Z,84.99000000000001,
11A,2025-02-04T10:34:45Z,88.16,
11A,2025-02-04T10:35:00Z,87.86,
11A,2025-02-04T10:35:15Z,87.79,
11A,2025-02-04T10:35:30Z,89.22,
11A,2025-02-04T10:35:45Z,89.06,
11A,2025-02-04T10:36:00Z,89.07000000000001,
11A,2025-02-04T10:36:15Z,89.26,
11A,2025-02-04T10:36:30Z,87.78999999999999,
11A,2025-02-04T10:36:45Z,80.64,
11A,2025-02-04T10:37:00Z,82.2,
11A,2025-02-04T10:37:15Z,78.47999999999999,
11A,2025-02-04T10:37:30Z,77.49,
11A,2025-02-04T10:37:45Z,77.37,
11A,2025-02-04T10:38:00Z,77.46000000000001,
11A,2025-02-04T10:38:15Z,77.56,
11A,2025-02-04T10:38:30Z,77.5,
11A,2025-02-04T10:38:45Z,78.28,
11A,2025-02-04T10:39:00Z,74.39,
11A,2025-02-04T10:39:15Z,74.46000000000001,
11A,2025-02-04T10:39:30Z,76.77,
11A,2025-02-04T10:39:45Z,76.8,
11A,2025-02-04T10:40:00Z,76.02,
11A,2025-02-04T10:40:15Z,74.88,
11A,2025-02-04T10:40:30Z,82.32000000000001,
11A,2025-02-04T10:40:45Z,81.69,
11A,2025-02-04T10:41:00Z,82.19,
11A,2025-02-04T10:41:15Z,81.68,
11A,2025-02-04T10:41:30Z,84.97999999999999,
11A,2025-02-04T10:41:45Z,84.97,
11A,2025-02-04T10:42:00Z,84.44,
11A,2025-02-04T10:42:15Z,84.72,
11A,2025-02-04T10:42:30Z,90.34,
11A,2025-02-04T10:42:45Z,88.84,
11A,2025-02-04T10:43:00Z,89.28,
11A,2025-02-04T10:43:15Z,92.22,
11A,2025-02-04T10:43:30Z,91.63,
11A,2025-02-04T10:43:45Z,93.61,
11A,2025-02-04T10:44:00Z,90.88,
11A,2025-02-04T10:44:15Z,91.23,
11A,2025-02-04T10:44:30Z,90.51,
11A,2025-02-04T10:44:45Z,90.56,
11A,2025-02-04T10:45:00Z,90.73,
11A,2025-02-04T10:45:15Z,86.04,
11A,2025-02-04T10:45:30Z,85.6,
11A,2025-02-04T10:45:45Z,77.71,
11A,2025-02-04T10:46:00Z,76.92999999999999,
11A,2025-02-04T10:46:15Z,76.99,
11A,2025-02-04T10:46:30Z,78.81,
11A,2025-02-04T10:46:45Z,76.74000000000001,
11A,2025-02-04T10:47:00Z,77.65,
11A,2025-02-04T10:47:15Z,76.95,
11A,2025-02-04T10:47:30Z,76.3,
11A,2025-02-04T10:47:45Z,78.8,
11A,2025-02-04T10:48:00Z,79.19999999999999,
11A,2025-02-04T10:48:15Z,79.4,
11A,2025-02-04T10:48:30Z,78.61,
11A,2025-02-04T10:48:45Z,81.46,
11A,2025-02-04T10:49:00Z,80.69999999999999,
11A,2025-02-04T10:49:15Z,80.99,
11A,2025-02-04T10:49:30Z,80.94,
11A,2025-02-04T10:49:45Z,85.24,
11A,2025-02-04T10:50:00Z,85.43,
11A,2025-02-04T10:50:15Z,81.39,
11A,2025-02-04T10:50:30Z,81.58,
11A,2025-02-04T10:50:45Z,79.95,
11A,2025-02-04T10:51:00Z,79.57,
11A,2025-02-04T10:51:15Z,79.32,
11A,2025-02-04T10:51:30Z,80.31,
11A,2025-02-04T10:51:45Z,80.5,
11A,2025-02-04T10:52:00Z,81.50999999999999,
11A,2025-02-04T10:52:15Z,78.57,
11A,2025-02-04T10:52:30Z,73.98,
11A,2025-02-04T10:52:45Z,75.85000000000001,
11A,2025-02-04T10:53:00Z,76.21,
11A,2025-02-04T10:53:15Z,76.22999999999999,
11A,2025-02-04T10:53:30Z,75.22,
11A,2025-02-04T10:53:45Z,76.85,
11A,2025-02-04T10:54:00Z,77.35,
11A,2025-02-04T10:54:15Z,78.45,
11A,2025-02-04T10:54:30Z,78.17,
11A,2025-02-04T10:54:45Z,77.35000000000001,
11A,2025-02-04T10:55:00Z,77.24,
11A,2025-02-04T10:55:15Z,77.24,
11A,2025-02-04T10:55:30Z,82.41,
11A,2025-02-04T10:55:45Z,80.52,
11A,2025-02-04T10:56:00Z,80.63,
11A,2025-02-04T10:56:15Z,84.88,
11A,2025-02-04T10:56:30Z,85.28,
11A,2025-02-04T10:56:45Z,86.17,
11A,2025-02-04T10:57:00Z,85.44,
11A,2025-02-04T10:57:15Z,83.08,
11A,2025-02-04T10:57:30Z,80.49,
11A,2025-02-04T10:57:45Z,81.65,
11A,2025-02-04T10:58:00Z,80.73,
11A,2025-02-04T10:58:15Z,77.72999999999999,
11A,2025-02-04T10:58:30Z,77.72,
11A,2025-02-04T10:58:45Z,78.64,
11A,2025-02-04T10:59:00Z,78.17,
11A,2025-02-04T10:59:15Z,77.98,
11A,2025-02-04T10:59:30Z,77.99000000000001,
11A,2025-02-04T10:59:45Z,70.76,
11A,2025-02-04T11:00:00Z,70.0,
11A,2025-02-04T11:00:15Z,67.45,
11A,2025-02-04T11:00:30Z,71.30000000000001,
11A,2025-02-04T11:00:45Z,73.82,
11A,2025-02-04T11:01:00Z,73.41,
11A,2025-02-04T11:01:15Z,78.97,
11A,2025-02-04T11:01:30Z,78.39,
11A,2025-02-04T11:01:45Z,78.43,
11A,2025-02-04T11:02:00Z,75.34,
11A,2025-02-04T11:02:15Z,75.6,
11A,2025-02-04T11:02:30Z,76.58,
11A,2025-02-04T11:02:45Z,75.44,
11A,2025-02-04T11:03:00Z,74.46000000000001,
11A,2025-02-04T11:03:15Z,74.28999999999999,
11A,2025-02-04T11:03:30Z,80.95,
11A,2025-02-04T11:03:45Z,80.34,
11A,2025-02-04T11:04:00Z,81.97,
11A,2025-02-04T11:04:15Z,80.96000000000001,
11A,2025-02-04T11:04:30Z,81.14999999999999,
11A,2025-02-04T11:04:45Z,77.5,
11A,2025-02-04T11:05:00Z,78.13,
11A,2025-02-04T11:05:15Z,76.93,
11A,2025-02-04T11:05:30Z,76.8,
11A,2025-02-04T11:05:45Z,77.07,
11A,2025-02-04T11:06:00Z,73.1,
11A,2025-02-04T11:06:15Z,73.36,
11A,2025-02-04T11:06:30Z,74.75,
11A,2025-02-04T11:06:45Z,80.35,
11A,2025-02-04T11:07:00Z,77.34,
11A,2025-02-04T11:07:15Z,78.83,
11A,2025-02-04T11:09:00Z,77.32,
11A,2025-02-04T11:09:15Z,97.37,
11A,2025-02-04T11:09:30Z,91.95,
11A,2025-02-04T11:09:45Z,92.66,
11A,2025-02-04T11:10:00Z,99.0,
11A,2025-02-04T11:10:15Z,105.63,
11A,2025-02-04T11:10:30Z,104.28,
11A,2025-02-04T11:10:45Z,103.92,
11A,2025-02-04T11:11:00Z,102.56,
11A,2025-02-04T11:11:15Z,102.79,
11A,2025-02-04T11:11:30Z,102.66,
11A,2025-02-04T11:11:45Z,102.97,
11A,2025-02-04T11:12:00Z,107.9,
11A,2025-02-04T11:12:15Z,109.19,
11A,2025-02-04T11:12:30Z,110.04,
11A,2025-02-04T11:12:45Z,110.65,
11A,2025-02-04T11:13:00Z,106.18,
11A,2025-02-04T11:13:15Z,108.5,
11A,2025-02-04T11:13:30Z,107.57,
11A,2025-02-04T11:13:45Z,102.48,
11A,2025-02-04T11:14:00Z,104.24,
11A,2025-02-04T11:14:15Z,104.62,
11A,2025-02-04T11:14:30Z,105.45,
11A,2025-02-04T11:14:45Z,108.07,
11A,2025-02-04T11:15:00Z,108.19,
11A,2025-02-04T11:15:15Z,105.85,
11A,2025-02-04T11:15:30Z,104.32,
11A,2025-02-04T11:15:45Z,104.1,
11A,2025-02-04T11:16:00Z,102.87,
11A,2025-02-04T11:16:15Z,101.88,
11A,2025-02-04T11:16:30Z,100.05,
11A,2025-02-04T11:16:45Z,100.82,
11A,2025-02-04T11:17:00Z,100.8,
11A,2025-02-04T11:17:15Z,100.7,
11A,2025-02-04T11:17:30Z,100.81,
11A,2025-02-04T11:17:45Z,106.46,
11A,2025-02-04T11:18:00Z,105.53,
11A,2025-02-04T11:18:15Z,105.51,
11A,2025-02-04T11:18:30Z,104.58,
11A,2025-02-04T11:18:45Z,104.73,
11A,2025-02-04T11:19:00Z,104.63,
11A,2025-02-04T11:19:15Z,104.86,
11A,2025-02-04T11:19:30Z,104.98,
11A,2025-02-04T11:19:45Z,104.87,
11A,2025-02-04T11:20:00Z,111.56,
11A,2025-02-04T11:20:15Z,99.45,
11A,2025-02-04T11:20:30Z,99.97,
11A,2025-02-04T11:20:45Z,98.98,
11A,2025-02-04T11:21:00Z,90.28,
11A,2025-02-04T11:21:15Z,90.53,
11A,2025-02-04T11:21:30Z,97.01,
11A,2025-02-04T11:21:45Z,96.99,
11A,2025-02-04T11:22:00Z,96.32,
11A,2025-02-04T11:22:15Z,96.87,
11A,2025-02-04T11:22:30Z,99.18,
11A,2025-02-04T11:22:45Z,99.0,
11A,2025-02-04T11:23:00Z,100.25,
11A,2025-02-04T11:23:15Z,103.73,
11A,2025-02-04T11:23:30Z,104.08,
11A,2025-02-04T11:23:45Z,104.18,
11A,2025-02-04T11:24:00Z,104.26,
11A,2025-02-04T11:24:15Z,115.33,
11A,2025-02-04T11:24:30Z,109.62,
11A,2025-02-04T11:24:45Z,108.91,
11A,2025-02-04T11:25:00Z,116.0,
11A,2025-02-04T11:25:15Z,116.51,
11A,2025-02-04T11:25:30Z,116.24,
11A,2025-02-04T11:25:45Z,116.23,
11A,2025-02-04T11:26:00Z,116.14,
11A,2025-02-04T11:26:15Z,115.26,
11A,2025-02-04T11:26:30Z,113.11,
11A,2025-02-04T11:26:45Z,113.34,
11A,2025-02-04T11:27:00Z,110.35,
11A,2025-02-04T11:27:15Z,110.82,
11A,2025-02-04T11:27:30Z,110.99,
11A,2025-02-04T11:27:45Z,109.68,
11A,2025-02-04T11:28:00Z,103.66,
11A,2025-02-04T11:28:15Z,103.42,
11A,2025-02-04T11:28:30Z,102.76,
11A,2025-02-04T11:28:45Z,102.76,
11A,2025-02-04T11:29:00Z,103.9,
11A,2025-02-04T11:29:15Z,102.7,
11A,2025-02-04T11:29:30Z,104.38,
11A,2025-02-04T11:29:45Z,104.32,
11A,2025-02-04T11:30:00Z,104.42,
11A,2025-02-04T11:30:15Z,104.2,
11A,2025-02-04T11:30:30Z,104.31,
11A,2025-02-04T11:30:45Z,104.25,
11A,2025-02-04T11:31:00Z,104.11,
11A,2025-02-04T11:31:15Z,104.06,
11A,2025-02-04T11:31:30Z,103.86,
11A,2025-02-04T11:31:45Z,103.76,
11A,2025-02-04T11:32:00Z,101.26,
11A,2025-02-04T11:32:15Z,101.51,
11A,2025-02-04T11:32:30Z,101.17,
11A,2025-02-04T11:32:45Z,100.41,
11A,2025-02-04T11:33:00Z,106.01,
11A,2025-02-04T11:33:15Z,105.41,
11A,2025-02-04T11:33:30Z,104.04,
11A,2025-02-04T11:33:45Z,103.71,
11A,2025-02-04T11:34:00Z,106.35,
11A,2025-02-04T11:34:15Z,105.84,
11A,2025-02-04T11:34:30Z,107.17,
11A,2025-02-04T11:34:45Z,107.26,
11A,2025-02-04T11:35:00Z,110.47,
11A,2025-02-04T11:35:15Z,102.74,
11A,2025-02-04T11:35:30Z,95.34,
11A,2025-02-04T11:35:45Z,96.52,
11A,2025-02-04T11:36:00Z,96.13,
11A,2025-02-04T11:36:15Z,96.02,
11A,2025-02-04T11:36:30Z,96.78,
11A,2025-02-04T11:36:45Z,91.85,
11A,2025-02-04T11:37:00Z,93.02,
11A,2025-02-04T11:37:15Z,96.5,
11A,2025-02-04T11:37:30Z,98.45,
11A,2025-02-04T11:37:45Z,95.89,
11A,2025-02-04T11:38:00Z,90.41,
11A,2025-02-04T11:38:15Z,90.69,
11A,2025-02-04T11:38:30Z,91.51,
11A,2025-02-04T11:38:45Z,87.3,
11A,2025-02-04T11:39:00Z,87.22,
11A,2025-02-04T11:39:15Z,86.55000000000001,
11A,2025-02-04T11:39:30Z,86.77000000000001,
11A,2025-02-04T11:39:45Z,78.98,
11A,2025-02-04T11:40:00Z,74.68,
11A,2025-02-04T11:40:15Z,73.81,
11A,2025-02-04T11:40:30Z,73.68,
11A,2025-02-04T11:40:45Z,73.66,
11A,2025-02-04T11:41:00Z,73.52,
11A,2025-02-04T11:41:15Z,73.22,
11A,2025-02-04T11:41:30Z,72.1,
11A,2025-02-04T11:41:45Z,72.16,
11A,2025-02-04T11:42:00Z,72.8,
11A,2025-02-04T11:42:15Z,73.87,
11A,2025-02-04T11:42:30Z,73.08,
11A,2025-02-04T11:42:45Z,71.85,
11A,2025-02-04T11:43:00Z,72.7,
11A,2025-02-04T11:43:15Z,73.05000000000001,
11A,2025-02-04T11:43:30Z,73.24,
11A,2025-02-04T11:43:45Z,81.02000000000001,
11A,2025-02-04T11:44:00Z,85.34,
11A,2025-02-04T11:44:15Z,87.17,
11A,2025-02-04T11:44:30Z,87.28,
11A,2025-02-04T11:44:45Z,82.45,
11A,2025-02-04T11:45:00Z,84.17,
11A,2025-02-04T11:45:15Z,84.38,
11A,2025-02-04T11:45:30Z,84.49000000000001,
11A,2025-02-04T11:45:45Z,87.19,
11A,2025-02-04T11:46:00Z,91.47,
11A,2025-02-04T11:46:15Z,92.37,
11A,2025-02-04T11:46:30Z,91.7,
11A,2025-02-04T11:46:45Z,92.86,
11A,2025-02-04T11:47:00Z,91.83,
11A,2025-02-04T11:47:15Z,91.51,
11A,2025-02-04T11:47:30Z,96.81,
11A,2025-02-04T11:47:45Z,95.55,
11A,2025-02-04T11:48:00Z,96.26,
11A,2025-02-04T11:48:15Z,94.28,
11A,2025-02-04T11:48:30Z,97.88,
11A,2025-02-04T11:48:45Z,97.95,
11A,2025-02-04T11:49:00Z,97.55,
11A,2025-02-04T11:49:15Z,97.6,
11A,2025-02-04T11:49:30Z,98.31,
11A,2025-02-04T11:49:45Z,97.91,
11A,2025-02-04T11:50:00Z,98.17,
11A,2025-02-04T11:50:15Z,98.71,
11A,2025-02-04T11:50:30Z,98.65,
11A,2025-02-04T11:50:45Z,98.55,
11A,2025-02-04T11:51:00Z,95.5,
11A,2025-02-04T11:51:15Z,91.59,
11A,2025-02-04T11:51:30Z,95.99,
11A,2025-02-04T11:51:45Z,96.19,
11A,2025-02-04T11:52:00Z,95.91,
11A,2025-02-04T11:52:15Z,96.01,
11A,2025-02-04T11:52:30Z,96.44,
11A,2025-02-04T11:52:45Z,93.6,
11A,2025-02-04T11:53:00Z,94.47,
11A,2025-02-04T11:53:15Z,94.7,
11A,2025-02-04T11:53:30Z,94.68,
11A,2025-02-04T11:53:45Z,94.82,
11A,2025-02-04T11:54:00Z,94.67,
11A,2025-02-04T11:54:15Z,94.05,
11A,2025-02-04T11:54:30Z,94.06,
11A,2025-02-04T11:54:45Z,95.26,
11A,2025-02-04T11:55:00Z,94.12,
11A,2025-02-04T11:55:15Z,93.7,
11A,2025-02-04T11:55:30Z,93.84,
11A,2025-02-04T11:55:45Z,89.80000000000001,
11A,2025-02-04T11:56:00Z,89.05,
11A,2025-02-04T11:56:15Z,95.96,
11A,2025-02-04T11:56:30Z,94.23,
11A,2025-02-04T11:56:45Z,93.26,
11A,2025-02-04T11:57:00Z,94.45,
11A,2025-02-04T11:57:15Z,95.32,
11A,2025-02-04T11:57:30Z,87.22,
11A,2025-02-04T11:57:45Z,89.78999999999999,
11A,2025-02-04T11:58:00Z,90.15,
11A,2025-02-04T11:58:15Z,94.64,
11A,2025-02-04T11:58:30Z,94.19,
11A,2025-02-04T11:58:45Z,96.05,
11A,2025-02-04T11:59:00Z,92.24,
11A,2025-02-04T11:59:15Z,92.31,
11A,2025-02-04T11:59:30Z,93.14,
11A,2025-02-04T11:59:45Z,92.16,
11A,2025-02-04T12:00:00Z,91.87,
11A,2025-02-04T12:00:15Z,93.22,
11A,2025-02-04T12:00:30Z,90.72,
11A,2025-02-04T12:00:45Z,90.12,
11A,2025-02-04T12:01:00Z,89.72,
11A,2025-02-04T12:01:15Z,89.53,
11A,2025-02-04T12:01:30Z,100.26,
11A,2025-02-04T12:01:45Z,100.15,
11A,2025-02-04T12:02:00Z,99.49,
11A,2025-02-04T12:02:15Z,100.41,
11A,2025-02-04T12:02:30Z,99.31,
11A,2025-02-04T12:02:45Z,96.29,
11A,2025-02-04T12:03:00Z,95.32,
11A,2025-02-04T12:03:15Z,90.79,
11A,2025-02-04T12:03:30Z,97.29,
11A,2025-02-04T12:03:45Z,96.77,
11A,2025-02-04T12:04:00Z,96.26,
11A,2025-02-04T12:04:15Z,95.74,
11A,2025-02-04T12:04:30Z,95.62,
11A,2025-02-04T12:04:45Z,94.71,
11A,2025-02-04T12:05:00Z,95.8,
11A,2025-02-04T12:05:15Z,99.28,
11A,2025-02-04T12:05:30Z,104.38,
11A,2025-02-04T12:05:45Z,95.83,
11A,2025-02-04T12:06:00Z,100.36,
11A,2025-02-04T12:06:15Z,100.67,
11A,2025-02-04T12:06:30Z,99.96,
11A,2025-02-04T12:06:45Z,99.95,
11A,2025-02-04T12:07:00Z,100.27,
11A,2025-02-04T12:07:15Z,99.1,
11A,2025-02-04T12:07:30Z,100.02,
11A,2025-02-04T12:07:45Z,95.09,
11A,2025-02-04T12:08:00Z,94.66,
11A,2025-02-04T12:08:15Z,92.59,
11A,2025-02-04T12:08:30Z,91.44,
11A,2025-02-04T12:08:45Z,89.59,
11A,2025-02-04T12:09:00Z,92.44,
11A,2025-02-04T12:09:15Z,105.04,
11A,2025-02-04T12:09:30Z,93.07,
11A,2025-02-04T12:09:45Z,92.53,
11A,2025-02-04T12:10:00Z,92.17000000000002,
11A,2025-02-04T12:10:15Z,92.24,
11A,2025-02-04T12:10:30Z,92.16,
11A,2025-02-04T12:10:45Z,92.48,
11A,2025-02-04T12:11:00Z,93.0,
11A,2025-02-04T12:11:15Z,92.96,
11A,2025-02-04T12:11:30Z,90.5,
11A,2025-02-04T12:11:45Z,90.0,
11A,2025-02-04T12:12:00Z,91.0,
11A,2025-02-04T12:12:15Z,89.47,
11A,2025-02-04T12:12:30Z,89.5,
11A,2025-02-04T12:12:45Z,94.31,
11A,2025-02-04T12:13:00Z,92.65,
11A,2025-02-04T12:13:15Z,93.75,
11A,2025-02-04T12:13:30Z,94.26,
11A,2025-02-04T12:13:45Z,94.14,
11A,2025-02-04T12:14:00Z,94.06,
11A,2025-02-04T12:14:15Z,94.78,
11A,2025-02-04T12:14:30Z,94.45,
11A,2025-02-04T12:14:45Z,94.57,
11A,2025-02-04T12:15:00Z,94.42,
11A,2025-02-04T12:15:15Z,94.58,
11A,2025-02-04T12:15:30Z,94.83,
11A,2025-02-04T12:15:45Z,94.82,
11A,2025-02-04T12:16:00Z,91.75,
11A,2025-02-04T12:16:15Z,94.72,
11A,2025-02-04T12:16:30Z,84.12,
11A,2025-02-04T12:16:45Z,84.41,
11A,2025-02-04T12:17:00Z,84.27,
11A,2025-02-04T12:17:15Z,85.39,
11A,2025-02-04T12:17:30Z,82.13,
11A,2025-02-04T12:17:45Z,82.92,
11A,2025-02-04T12:18:00Z,82.84,
11A,2025-02-04T12:18:15Z,80.89,
11A,2025-02-04T12:18:30Z,82.60000000000001,
11A,2025-02-04T12:18:45Z,82.82,
11A,2025-02-04T12:19:00Z,87.75,
11A,2025-02-04T12:19:15Z,87.51,
11A,2025-02-04T12:19:30Z,87.43,
11A,2025-02-04T12:19:45Z,85.33,
11A,2025-02-04T12:20:00Z,85.36,
11A,2025-02-04T12:20:15Z,85.73,
11A,2025-02-04T12:20:30Z,87.02,
11A,2025-02-04T12:20:45Z,95.81,
11A,2025-02-04T12:21:00Z,95.57,
11A,2025-02-04T12:21:15Z,93.66,
11A,2025-02-04T12:21:30Z,93.03,
11A,2025-02-04T12:21:45Z,98.36,
11A,2025-02-04T12:22:00Z,97.4,
11A,2025-02-04T12:22:15Z,96.87,
11A,2025-02-04T12:22:30Z,99.23,
11A,2025-02-04T12:22:45Z,97.22,
11A,2025-02-04T12:23:00Z,97.44,
11A,2025-02-04T12:23:15Z,91.8,
11A,2025-02-04T12:23:30Z,93.22,
11A,2025-02-04T12:23:45Z,99.17,
11A,2025-02-04T12:24:00Z,98.08,
11A,2025-02-04T12:24:15Z,98.78,
11A,2025-02-04T12:24:30Z,98.63,
11A,2025-02-04T12:24:45Z,98.61,
11A,2025-02-04T12:25:00Z,99.51,
11A,2025-02-04T12:25:15Z,97.23,
11A,2025-02-04T12:25:30Z,94.44,
11A,2025-02-04T12:25:45Z,93.29,
11A,2025-02-04T12:26:00Z,94.1,
11A,2025-02-04T12:26:15Z,93.79,
11A,2025-02-04T12:26:30Z,93.95,
11A,2025-02-04T12:26:45Z,93.44,
11A,2025-02-04T12:27:00Z,93.68,
11A,2025-02-04T12:27:15Z,93.17,
11A,2025-02-04T12:27:30Z,94.07,
11A,2025-02-04T12:27:45Z,94.55,
11A,2025-02-04T12:28:00Z,94.7,
11A,2025-02-04T12:28:15Z,95.17,
11A,2025-02-04T12:28:30Z,95.31,
11A,2025-02-04T12:28:45Z,95.32,
11A,2025-02-04T12:29:00Z,92.08,
11A,2025-02-04T12:29:15Z,93.22,
11A,2025-02-04T12:29:30Z,92.83,
11A,2025-02-04T12:29:45Z,92.66,
11A,2025-02-04T12:30:00Z,92.41,
11A,2025-02-04T12:30:15Z,97.17,
11A,2025-02-04T12:30:30Z,96.61,
11A,2025-02-04T12:30:45Z,96.36,
11A,2025-02-04T12:31:00Z,96.37,
11A,2025-02-04T12:31:15Z,96.59,
11A,2025-02-04T12:31:30Z,96.97,
11A,2025-02-04T12:31:45Z,97.34,
11A,2025-02-04T12:32:00Z,96.88,
11A,2025-02-04T12:32:15Z,95.04,
11A,2025-02-04T12:32:30Z,94.93,
11A,2025-02-04T12:32:45Z,98.95,
11A,2025-02-04T12:33:00Z,98.0,
11A,2025-02-04T12:33:15Z,99.34,
11A,2025-02-04T12:33:30Z,97.72,
11A,2025-02-04T12:33:45Z,93.6,
11A,2025-02-04T12:34:00Z,92.0,
11A,2025-02-04T12:34:15Z,92.65,
11A,2025-02-04T12:34:30Z,90.23,
11A,2025-02-04T12:34:45Z,90.34,
11A,2025-02-04T12:35:00Z,81.91,
11A,2025-02-04T12:35:15Z,94.3,
11A,2025-02-04T12:35:30Z,86.56,
11A,2025-02-04T12:35:45Z,86.36,
11A,2025-02-04T12:36:00Z,86.58,
11A,2025-02-04T12:36:15Z,86.56,
11A,2025-02-04T12:36:30Z,84.63,
11A,2025-02-04T12:36:45Z,84.54,
11A,2025-02-04T12:37:00Z,84.69,
11A,2025-02-04T12:37:15Z,82.77,
11A,2025-02-04T12:37:30Z,85.17,
11A,2025-02-04T12:37:45Z,81.57,
11A,2025-02-04T12:38:00Z,79.87,
11A,2025-02-04T12:38:15Z,78.14,
11A,2025-02-04T12:38:30Z,78.07,
11A,2025-02-04T12:38:45Z,78.4,
11A,2025-02-04T12:39:00Z,92.71,
11A,2025-02-04T12:39:15Z,91.89,
11A,2025-02-04T12:39:30Z,91.4,
11A,2025-02-04T12:39:45Z,91.79,
11A,2025-02-04T12:40:00Z,92.24,
11A,2025-02-04T12:40:15Z,92.21,
11A,2025-02-04T12:40:30Z,91.51,
11A,2025-02-04T12:40:45Z,92.37,
11A,2025-02-04T12:41:00Z,93.83,
11A,2025-02-04T12:41:15Z,92.67,
11A,2025-02-04T12:41:30Z,92.71,
11A,2025-02-04T12:41:45Z,92.7,
11A,2025-02-04T12:42:00Z,92.63,
11A,2025-02-04T12:42:15Z,94.41,
11A,2025-02-04T12:42:30Z,96.26,
11A,2025-02-04T12:42:45Z,96.21,
11A,2025-02-04T12:43:00Z,92.95,
11A,2025-02-04T12:43:15Z,92.26,
11A,2025-02-04T12:43:30Z,92.12,
11A,2025-02-04T12:43:45Z,92.05,
11A,2025-02-04T12:44:00Z,92.65,
11A,2025-02-04T12:44:15Z,92.65,
11A,2025-02-04T12:44:30Z,98.05,
11A,2025-02-04T12:44:45Z,89.74000000000001,
11A,2025-02-04T12:45:00Z,91.42,
11A,2025-02-04T12:45:15Z,90.07,
11A,2025-02-04T12:45:30Z,90.05,
11A,2025-02-04T12:45:45Z,90.39,
11A,2025-02-04T12:46:00Z,89.8,
11A,2025-02-04T12:46:15Z,91.02,
11A,2025-02-04T12:46:30Z,94.14,
11A,2025-02-04T12:46:45Z,94.08,
11A,2025-02-04T12:47:00Z,103.04,
11A,2025-02-04T12:47:15Z,105.07,
11A,2025-02-04T12:47:30Z,102.81,
11A,2025-02-04T12:47:45Z,98.22,
11A,2025-02-04T12:48:00Z,96.66,
11A,2025-02-04T12:48:15Z,97.29,
11A,2025-02-04T12:48:30Z,97.46,
11A,2025-02-04T12:48:45Z,96.93,
11A,2025-02-04T12:49:00Z,104.62,
11A,2025-02-04T12:49:15Z,103.94,
11A,2025-02-04T12:49:30Z,101.81,
11A,2025-02-04T12:49:45Z,101.95,
11A,2025-02-04T12:50:00Z,102.31,
11A,2025-02-04T12:50:15Z,102.38,
11A,2025-02-04T12:50:30Z,103.14,
11A,2025-02-04T12:50:45Z,103.34,
11A,2025-02-04T12:51:00Z,100.0,
11A,2025-02-04T12:51:15Z,93.87,
11A,2025-02-04T12:51:30Z,93.94,
11A,2025-02-04T12:51:45Z,93.69,
11A,2025-02-04T12:52:00Z,85.28,
11A,2025-02-04T12:52:15Z,86.86000000000001,
11A,2025-02-04T12:52:30Z,85.62,
11A,2025-02-04T12:52:45Z,85.71000000000001,
11A,2025-02-04T12:53:00Z,80.86,
11A,2025-02-04T12:53:15Z,79.53,
11A,2025-02-04T12:53:30Z,78.48,
11A,2025-02-04T12:53:45Z,78.66,
11A,2025-02-04T12:54:00Z,73.45,
11A,2025-02-04T12:54:15Z,75.2,
11A,2025-02-04T12:54:30Z,75.09,
11A,2025-02-04T12:54:45Z,75.01,
11A,2025-02-04T12:55:00Z,75.03999999999999,
11A,2025-02-04T12:55:15Z,74.83999999999999,
11A,2025-02-04T12:55:30Z,78.34,
11A,2025-02-04T12:55:45Z,78.18,
11A,2025-02-04T12:56:00Z,78.09,
11A,2025-02-04T12:56:15Z,86.5,
11A,2025-02-04T12:56:30Z,83.27000000000001,
11A,2025-02-04T12:56:45Z,84.82000000000001,
11A,2025-02-04T12:57:00Z,85.32000000000001,
11A,2025-02-04T12:57:15Z,85.07,
11A,2025-02-04T12:57:30Z,85.09,
11A,2025-02-04T12:57:45Z,83.85,
11A,2025-02-04T12:58:00Z,85.37,
11A,2025-02-04T12:58:15Z,85.51,
11A,2025-02-04T12:58:30Z,83.44,
11A,2025-02-04T12:58:45Z,88.4,
11A,2025-02-04T12:59:00Z,85.59,
11A,2025-02-04T12:59:15Z,85.03,
11A,2025-02-04T12:59:30Z,85.12,
11A,2025-02-04T12:59:45Z,85.55,
11A,2025-02-04T13:00:00Z,85.62,
11A,2025-02-04T13:00:15Z,93.1,
11A,2025-02-04T13:00:30Z,93.46,
11A,2025-02-04T13:00:45Z,93.1,
11A,2025-02-04T13:01:00Z,92.94,
11A,2025-02-04T13:01:15Z,94.67,
11A,2025-02-04T13:01:30Z,94.71,
11A,2025-02-04T13:01:45Z,95.18,
11A,2025-02-04T13:02:00Z,95.2,
11A,2025-02-04T13:02:15Z,95.67,
11A,2025-02-04T13:02:30Z,94.57,
11A,2025-02-04T13:02:45Z,89.61,
11A,2025-02-04T13:03:00Z,89.65,
11A,2025-02-04T13:03:15Z,89.82000000000001,
11A,2025-02-04T13:03:30Z,90.08,
11A,2025-02-04T13:03:45Z,90.55,
11A,2025-02-04T13:04:00Z,91.22,
11A,2025-02-04T13:04:15Z,91.24,
11A,2025-02-04T13:04:30Z,91.26,
11A,2025-02-04T13:04:45Z,90.23,
11A,2025-02-04T13:05:00Z,92.0,
11A,2025-02-04T13:05:15Z,89.43,
11A,2025-02-04T13:05:30Z,88.72,
11A,2025-02-04T13:05:45Z,88.66999999999999,
11A,2025-02-04T13:06:00Z,90.7,
11A,2025-02-04T13:06:15Z,99.53,
11A,2025-02-04T13:06:30Z,98.87,
11A,2025-02-04T13:06:45Z,99.52,
11A,2025-02-04T13:07:00Z,99.82,
11A,2025-02-04T13:07:15Z,100.32,
11A,2025-02-04T13:07:30Z,99.26,
11A,2025-02-04T13:07:45Z,101.32,
11A,2025-02-04T13:08:00Z,100.11,
11A,2025-02-04T13:08:15Z,103.25,
11A,2025-02-04T13:08:30Z,104.26,
11A,2025-02-04T13:08:45Z,104.89,
11A,2025-02-04T13:09:00Z,105.38,
11A,2025-02-04T13:09:15Z,102.19,
11A,2025-02-04T13:09:30Z,99.95,
11A,2025-02-04T13:09:45Z,98.65,
11A,2025-02-04T13:10:00Z,97.92,
11A,2025-02-04T13:10:15Z,89.13,
11A,2025-02-04T13:10:30Z,91.01,
11A,2025-02-04T13:10:45Z,89.25,
11A,2025-02-04T13:11:00Z,90.18,
11A,2025-02-04T13:11:15Z,93.5,
11A,2025-02-04T13:11:30Z,92.63,
11A,2025-02-04T13:11:45Z,93.22,
11A,2025-02-04T13:12:00Z,92.94,
11A,2025-02-04T13:12:15Z,93.13,
11A,2025-02-04T13:12:30Z,93.09,
11A,2025-02-04T13:12:45Z,87.72,
11A,2025-02-04T13:13:00Z,88.12,
11A,2025-02-04T13:13:15Z,88.28,
11A,2025-02-04T13:13:30Z,88.2,
11A,2025-02-04T13:13:45Z,86.91,
11A,2025-02-04T13:14:00Z,86.59,
11A,2025-02-04T13:14:15Z,91.39,
11A,2025-02-04T13:14:30Z,100.68,
11A,2025-02-04T13:14:45Z,100.07999999999998,
11A,2025-02-04T13:15:00Z,101.7,
11A,2025-02-04T13:15:15Z,100.58,
11A,2025-02-04T13:15:30Z,100.82,
11A,2025-02-04T13:15:45Z,99.85,
11A,2025-02-04T13:16:00Z,95.28,
11A,2025-02-04T13:16:15Z,95.31,
11A,2025-02-04T13:16:30Z,94.97,
11A,2025-02-04T13:16:45Z,95.17000000000002,
11A,2025-02-04T13:17:00Z,95.38,
11A,2025-02-04T13:17:15Z,95.17,
11A,2025-02-04T13:17:30Z,95.12,
11A,2025-02-04T13:17:45Z,94.98,
11A,2025-02-04T13:18:00Z,97.26,
11A,2025-02-04T13:18:15Z,96.97,
11A,2025-02-04T13:18:30Z,92.84,
11A,2025-02-04T13:18:45Z,89.93,
11A,2025-02-04T13:19:00Z,91.29,
11A,2025-02-04T13:19:15Z,91.9,
11A,2025-02-04T13:19:30Z,92.38,
11A,2025-02-04T13:19:45Z,97.56,
11A,2025-02-04T13:20:00Z,91.76,
11A,2025-02-04T13:20:15Z,96.6,
11A,2025-02-04T13:20:30Z,96.55,
11A,2025-02-04T13:20:45Z,96.37,
11A,2025-02-04T13:21:00Z,95.77,
11A,2025-02-04T13:21:15Z,94.96,
11A,2025-02-04T13:21:30Z,92.63,
11A,2025-02-04T13:21:45Z,92.5,
11A,2025-02-04T13:22:00Z,92.94,
11A,2025-02-04T13:22:15Z,89.83999999999999,
11A,2025-02-04T13:22:30Z,88.59,
11A,2025-02-04T13:22:45Z,87.29,
11A,2025-02-04T13:23:00Z,87.81,
11A,2025-02-04T13:23:15Z,87.96000000000001,
11A,2025-02-04T13:23:30Z,93.95,
11A,2025-02-04T13:23:45Z,94.23,
11A,2025-02-04T13:24:00Z,92.09,
11A,2025-02-04T13:24:15Z,92.18,
11A,2025-02-04T13:24:30Z,92.99,
11A,2025-02-04T13:24:45Z,93.22,
11A,2025-02-04T13:25:00Z,91.04,
11A,2025-02-04T13:25:15Z,91.12,
11A,2025-02-04T13:25:30Z,92.85,
11A,2025-02-04T13:25:45Z,93.13,
11A,2025-02-04T13:26:00Z,94.86,
11A,2025-02-04T13:26:15Z,96.15,
11A,2025-02-04T13:26:30Z,96.77,
11A,2025-02-04T13:26:45Z,96.42,
11A,2025-02-04T13:27:00Z,95.92,
11A,2025-02-04T13:27:15Z,94.7,
11A,2025-02-04T13:27:30Z,85.37,
11A,2025-02-04T13:27:45Z,85.32,
11A,2025-02-04T13:28:00Z,85.7,
11A,2025-02-04T13:28:15Z,90.67,
11A,2025-02-04T13:28:30Z,89.89,
11A,2025-02-04T13:28:45Z,89.84,
11A,2025-02-04T13:29:00Z,90.01,
11A,2025-02-04T13:29:15Z,92.79,
11A,2025-02-04T13:29:30Z,93.1,
11A,2025-02-04T13:29:45Z,94.09,
11A,2025-02-04T13:30:00Z,93.34,
11A,2025-02-04T13:30:15Z,93.37,
11A,2025-02-04T13:30:30Z,92.87,
11A,2025-02-04T13:30:45Z,92.8,
11A,2025-02-04T13:31:00Z,87.17,
11A,2025-02-04T13:31:15Z,87.53999999999999,
11A,2025-02-04T13:31:30Z,85.7,
11A,2025-02-04T13:31:45Z,85.58,
11A,2025-02-04T13:32:00Z,99.04,
11A,2025-02-04T13:32:15Z,99.37,
11A,2025-02-04T13:32:30Z,99.32,
11A,2025-02-04T13:32:45Z,99.32,
11A,2025-02-04T13:33:00Z,92.61,
11A,2025-02-04T13:33:15Z,92.69,
11A,2025-02-04T13:33:30Z,93.93,
11A,2025-02-04T13:33:45Z,94.47,
11A,2025-02-04T13:34:00Z,93.8,
11A,2025-02-04T13:34:15Z,93.37,
11A,2025-02-04T13:34:30Z,92.83,
11A,2025-02-04T13:34:45Z,92.72,
11A,2025-02-04T13:35:00Z,92.28,
11A,2025-02-04T13:35:15Z,92.37,
11A,2025-02-04T13:35:30Z,91.39,
11A,2025-02-04T13:35:45Z,92.22,
11A,2025-02-04T13:36:00Z,91.37,
11A,2025-02-04T13:36:15Z,91.52,
11A,2025-02-04T13:36:30Z,91.44,
11A,2025-02-04T13:36:45Z,91.19,
11A,2025-02-04T13:37:00Z,85.75,
11A,2025-02-04T13:37:15Z,87.41,
11A,2025-02-04T13:37:30Z,88.41,
11A,2025-02-04T13:37:45Z,86.83000000000001,
11A,2025-02-04T13:38:00Z,88.97,
11A,2025-02-04T13:38:15Z,89.6,
11A,2025-02-04T13:38:30Z,89.72,
11A,2025-02-04T13:38:45Z,89.59,
11A,2025-02-04T13:39:00Z,89.65,
11A,2025-02-04T13:39:15Z,89.63,
11A,2025-02-04T13:39:30Z,89.44,
11A,2025-02-04T13:39:45Z,90.18,
11A,2025-02-04T13:40:00Z,86.17999999999999,
11A,2025-02-04T13:40:15Z,85.78,
11A,2025-02-04T13:40:30Z,86.47999999999999,
11A,2025-02-04T13:40:45Z,87.58,
11A,2025-02-04T13:41:00Z,87.87,
11A,2025-02-04T13:41:15Z,87.67,
11A,2025-02-04T13:41:30Z,87.44,
11A,2025-02-04T13:41:45Z,87.57,
11A,2025-02-04T13:42:00Z,87.69,
11A,2025-02-04T13:42:15Z,91.59,
11A,2025-02-04T13:42:30Z,91.83,
11A,2025-02-04T13:42:45Z,92.0,
11A,2025-02-04T13:43:00Z,91.74,
11A,2025-02-04T13:43:15Z,92.37,
11A,2025-02-04T13:43:30Z,92.01,
11A,2025-02-04T13:43:45Z,92.06,
11A,2025-02-04T13:44:00Z,83.35,
11A,2025-02-04T13:44:15Z,80.41,
11A,2025-02-04T13:44:30Z,80.44999999999999,
11A,2025-02-04T13:44:45Z,80.23,
11A,2025-02-04T13:45:00Z,79.37,
11A,2025-02-04T13:45:15Z,77.13,
11A,2025-02-04T13:45:30Z,77.36,
11A,2025-02-04T13:45:45Z,77.47,
11A,2025-02-04T13:46:00Z,84.39999999999999,
11A,2025-02-04T13:46:15Z,81.85,
11A,2025-02-04T13:46:30Z,80.53,
11A,2025-02-04T13:46:45Z,76.33,
11A,2025-02-04T13:47:00Z,77.64,
11A,2025-02-04T13:47:15Z,78.05,
11A,2025-02-04T13:47:30Z,78.13,
11A,2025-02-04T13:47:45Z,78.5,
11A,2025-02-04T13:48:00Z,79.94,
11A,2025-02-04T13:48:15Z,80.02,
11A,2025-02-04T13:48:30Z,89.03999999999999,
11A,2025-02-04T13:48:45Z,89.18,
11A,2025-02-04T13:49:00Z,89.31,
11A,2025-02-04T13:49:15Z,89.28,
11A,2025-02-04T13:49:30Z,89.44,
11A,2025-02-04T13:49:45Z,88.64,
11A,2025-02-04T13:50:00Z,90.82,
11A,2025-02-04T13:50:15Z,91.64,
11A,2025-02-04T13:50:30Z,91.4,
11A,2025-02-04T13:50:45Z,92.22,
11A,2025-02-04T13:51:00Z,91.75,
11A,2025-02-04T13:51:15Z,90.81,
11A,2025-02-04T13:51:30Z,90.47,
11A,2025-02-04T13:51:45Z,90.4,
11A,2025-02-04T13:52:00Z,90.15,
11A,2025-02-04T13:52:15Z,89.09,
11A,2025-02-04T13:52:30Z,89.11,
11A,2025-02-04T13:52:45Z,89.09,
11A,2025-02-04T13:53:00Z,88.99000000000001,
11A,2025-02-04T13:53:15Z,89.19,
11A,2025-02-04T13:53:30Z,90.39,
11A,2025-02-04T13:53:45Z,90.95,
11A,2025-02-04T13:54:00Z,90.17,
11A,2025-02-04T13:54:15Z,90.09,
11A,2025-02-04T13:54:30Z,90.53,
11A,2025-02-04T13:54:45Z,90.71,
11A,2025-02-04T13:55:00Z,91.34,
11A,2025-02-04T13:55:15Z,92.86,
11A,2025-02-04T13:55:30Z,91.55,
11A,2025-02-04T13:55:45Z,92.93,
11A,2025-02-04T13:56:00Z,92.75,
11A,2025-02-04T13:56:15Z,97.28,
11A,2025-02-04T13:56:30Z,97.32,
11A,2025-02-04T13:56:45Z,96.85,
11A,2025-02-04T13:57:00Z,93.56,
11A,2025-02-04T13:57:15Z,90.07,
11A,2025-02-04T13:57:30Z,89.24,
11A,2025-02-04T13:57:45Z,87.37,
11A,2025-02-04T13:58:00Z,94.55,
11A,2025-02-04T13:58:15Z,87.13,
11A,2025-02-04T13:58:30Z,87.28999999999999,
11A,2025-02-04T13:58:45Z,84.49000000000001,
11A,2025-02-04T13:59:00Z,83.36,
11A,2025-02-04T13:59:15Z,83.39,
11A,2025-02-04T13:59:30Z,82.72999999999999,
11A,2025-02-04T13:59:45Z,83.62,
11A,2025-02-04T14:00:00Z,79.67,
11A,2025-02-04T14:00:15Z,80.07000000000001,
11A,2025-02-04T14:00:30Z,85.05000000000001,
11A,2025-02-04T14:00:45Z,71.24000000000001,
11A,2025-02-04T14:01:00Z,70.7,
11A,2025-02-04T14:01:15Z,71.26,
11A,2025-02-04T14:01:30Z,70.74000000000001,
11A,2025-02-04T14:01:45Z,73.19999999999999,
11A,2025-02-04T14:02:00Z,73.03999999999999,
11A,2025-02-04T14:02:15Z,73.31,
11A,2025-02-04T14:02:30Z,75.3,
11A,2025-02-04T14:02:45Z,72.38999999999999,
11A,2025-02-04T14:03:00Z,74.31,
11A,2025-02-04T14:03:15Z,76.63,
11A,2025-02-04T14:03:30Z,76.78999999999999,
11A,2025-02-04T14:03:45Z,76.52000000000001,
11A,2025-02-04T14:04:00Z,78.02,
11A,2025-02-04T14:04:15Z,76.81,
11A,2025-02-04T14:04:30Z,76.77,
11A,2025-02-04T14:04:45Z,78.47,
11A,2025-02-04T14:05:00Z,87.65,
11A,2025-02-04T14:05:15Z,88.41,
11A,2025-02-04T14:05:30Z,88.08,
11A,2025-02-04T14:05:45Z,86.71,
11A,2025-02-04T14:06:00Z,87.12,
11A,2025-02-04T14:06:15Z,86.94,
11A,2025-02-04T14:06:30Z,91.47,
11A,2025-02-04T14:06:45Z,92.26,
11A,2025-02-04T14:07:00Z,89.22,
11A,2025-02-04T14:07:15Z,89.25,
11A,2025-02-04T14:07:30Z,89.14,
11A,2025-02-04T14:07:45Z,90.12,
11A,2025-02-04T14:08:00Z,88.17999999999999,
11A,2025-02-04T14:08:15Z,88.02000000000001,
11A,2025-02-04T14:08:30Z,87.93,
11A,2025-02-04T14:08:45Z,86.47,
11A,2025-02-04T14:09:00Z,86.22,
11A,2025-02-04T14:09:15Z,86.25,
11A,2025-02-04T14:09:30Z,86.19999999999999,
11A,2025-02-04T14:09:45Z,85.57,
11A,2025-02-04T14:10:00Z,87.63999999999999,
11A,2025-02-04T14:10:15Z,88.33,
11A,2025-02-04T14:10:30Z,90.14,
11A,2025-02-04T14:10:45Z,91.85,
11A,2025-02-04T14:11:00Z,91.64,
11A,2025-02-04T14:11:15Z,93.44,
11A,2025-02-04T14:11:30Z,94.09,
11A,2025-02-04T14:11:45Z,92.27,
11A,2025-02-04T14:12:00Z,92.59,
11A,2025-02-04T14:12:15Z,93.32,
11A,2025-02-04T14:12:30Z,91.65,
11A,2025-02-04T14:12:45Z,91.65,
11A,2025-02-04T14:13:00Z,95.16,
11A,2025-02-04T14:13:15Z,91.69,
11A,2025-02-04T14:13:30Z,91.8,
11A,2025-02-04T14:13:45Z,90.91,
11A,2025-02-04T14:14:00Z,90.0,
11A,2025-02-04T14:14:15Z,89.99000000000001,
11A,2025-02-04T14:14:30Z,85.55000000000001,
11A,2025-02-04T14:14:45Z,85.36,
11A,2025-02-04T14:15:00Z,85.53999999999999,
11A,2025-02-04T14:15:15Z,85.61,
11A,2025-02-04T14:15:30Z,87.25999999999999,
11A,2025-02-04T14:15:45Z,86.97999999999999,
11A,2025-02-04T14:16:00Z,87.4,
11A,2025-02-04T14:16:15Z,87.57,
11A,2025-02-04T14:16:30Z,89.2,
11A,2025-02-04T14:16:45Z,89.58,
11A,2025-02-04T14:17:00Z,89.83,
11A,2025-02-04T14:17:15Z,84.56,
11A,2025-02-04T14:17:30Z,81.33,
11A,2025-02-04T14:17:45Z,81.31,
11A,2025-02-04T14:18:00Z,82.41,
11A,2025-02-04T14:18:15Z,81.5,
11A,2025-02-04T14:18:30Z,81.68,
11A,2025-02-04T14:18:45Z,81.82,
11A,2025-02-04T14:19:00Z,81.7,
11A,2025-02-04T14:19:15Z,83.28,
11A,2025-02-04T14:19:30Z,81.86,
11A,2025-02-04T14:19:45Z,81.4,
11A,2025-02-04T14:20:00Z,76.63999999999999,
11A,2025-02-04T14:20:15Z,76.67,
11A,2025-02-04T14:20:30Z,73.81,
11A,2025-02-04T14:20:45Z,73.88,
11A,2025-02-04T14:21:00Z,74.14,
11A,2025-02-04T14:21:15Z,72.56,
11A,2025-02-04T14:21:30Z,72.63,
11A,2025-02-04T14:21:45Z,81.0,
11A,2025-02-04T14:22:00Z,82.66,
11A,2025-02-04T14:22:15Z,82.27000000000001,
11A,2025-02-04T14:22:30Z,82.29,
11A,2025-02-04T14:22:45Z,80.51,
11A,2025-02-04T14:23:00Z,80.09,
11A,2025-02-04T14:23:15Z,81.09,
11A,2025-02-04T14:23:30Z,79.74000000000001,
11A,2025-02-04T14:23:45Z,79.76,
11A,2025-02-04T14:24:00Z,85.52,
11A,2025-02-04T14:24:15Z,85.42,
11A,2025-02-04T14:24:30Z,85.7,
11A,2025-02-04T14:24:45Z,85.89,
11A,2025-02-04T14:25:00Z,86.03999999999999,
11A,2025-02-04T14:25:15Z,86.09,
11A,2025-02-04T14:25:30Z,85.7,
11A,2025-02-04T14:25:45Z,85.7,
11A,2025-02-04T14:26:00Z,84.2,
11A,2025-02-04T14:26:15Z,97.05,
11A,2025-02-04T14:26:30Z,90.31,
11A,2025-02-04T14:26:45Z,90.54,
11A,2025-02-04T14:27:00Z,90.27,
11A,2025-02-04T14:27:15Z,90.37,
11A,2025-02-04T14:27:30Z,90.21,
11A,2025-02-04T14:27:45Z,90.18,
11A,2025-02-04T14:28:00Z,89.63,
11A,2025-02-04T14:28:15Z,87.30000000000001,
11A,2025-02-04T14:28:30Z,87.0,
11A,2025-02-04T14:28:45Z,86.96000000000001,
11A,2025-02-04T14:29:00Z,86.92,
11A,2025-02-04T14:29:15Z,86.59,
11A,2025-02-04T14:29:30Z,85.58,
11A,2025-02-04T14:29:45Z,85.57,
11A,2025-02-04T14:30:00Z,85.60000000000001,
11A,2025-02-04T14:30:15Z,85.50999999999999,
11A,2025-02-04T14:30:30Z,85.73,
11A,2025-02-04T14:30:45Z,85.53,
11A,2025-02-04T14:31:00Z,86.13,
11A,2025-02-04T14:31:15Z,85.23,
11A,2025-02-04T14:31:30Z,85.43,
11A,2025-02-04T14:31:45Z,85.91,
11A,2025-02-04T14:32:00Z,85.97999999999999,
11A,2025-02-04T14:32:15Z,87.21,
11A,2025-02-04T14:32:30Z,87.80000000000001,
11A,2025-02-04T14:32:45Z,87.78999999999999,
11A,2025-02-04T14:33:00Z,87.77,
11A,2025-02-04T14:33:15Z,87.49000000000001,
11A,2025-02-04T14:33:30Z,87.07,
11A,2025-02-04T14:33:45Z,87.03,
11A,2025-02-04T14:34:00Z,79.17,
11A,2025-02-04T14:34:15Z,77.03,
11A,2025-02-04T14:34:30Z,77.23,
11A,2025-02-04T14:34:45Z,77.23,
11A,2025-02-04T14:35:00Z,77.3,
11A,2025-02-04T14:35:15Z,77.46000000000001,
11A,2025-02-04T14:35:30Z,78.1,
11A,2025-02-04T14:35:45Z,78.53999999999999,
11A,2025-02-04T14:36:00Z,78.72,
11A,2025-02-04T14:36:15Z,77.52,
11A,2025-02-04T14:36:30Z,76.49,
11A,2025-02-04T14:36:45Z,75.45,
11A,2025-02-04T14:37:00Z,74.50999999999999,
11A,2025-02-04T14:37:15Z,74.27,
11A,2025-02-04T14:37:30Z,74.26,
11A,2025-02-04T14:37:45Z,78.67,
11A,2025-02-04T14:38:00Z,78.92999999999999,
11A,2025-02-04T14:38:15Z,79.61,
11A,2025-02-04T14:38:30Z,85.72,
11A,2025-02-04T14:38:45Z,85.33000000000001,
11A,2025-02-04T14:39:00Z,85.98,
11A,2025-02-04T14:39:15Z,80.97999999999999,
11A,2025-02-04T14:39:30Z,82.92,
11A,2025-02-04T14:39:45Z,83.19,
11A,2025-02-04T14:40:00Z,84.64,
11A,2025-02-04T14:40:15Z,84.16,
11A,2025-02-04T14:40:30Z,84.05,
11A,2025-02-04T14:40:45Z,84.07,
11A,2025-02-04T14:41:00Z,83.96,
11A,2025-02-04T14:41:15Z,84.0,
11A,2025-02-04T14:41:30Z,84.04,
11A,2025-02-04T14:41:45Z,83.86,
11A,2025-02-04T14:42:00Z,83.73,
11A,2025-02-04T14:42:15Z,84.53,
11A,2025-02-04T14:42:30Z,82.78999999999999,
11A,2025-02-04T14:42:45Z,83.27,
11A,2025-02-04T14:43:00Z,83.16,
11A,2025-02-04T14:43:15Z,83.58,
11A,2025-02-04T14:43:30Z,83.89,
11A,2025-02-04T14:43:45Z,83.4,
11A,2025-02-04T14:44:00Z,83.43,
11A,2025-02-04T14:44:15Z,82.7,
11A,2025-02-04T14:44:30Z,82.47999999999999,
11A,2025-02-04T14:44:45Z,81.24000000000001,
11A,2025-02-04T14:45:00Z,81.61,
11A,2025-02-04T14:45:15Z,81.19,
11A,2025-02-04T14:45:30Z,94.67,
11A,2025-02-04T14:45:45Z,85.80999999999999,
11A,2025-02-04T14:46:00Z,85.14,
11A,2025-02-04T14:46:15Z,82.94999999999999,
11A,2025-02-04T14:46:30Z,82.45,
11A,2025-02-04T14:46:45Z,81.38,
11A,2025-02-04T14:47:00Z,81.44,
11A,2025-02-04T14:47:15Z,81.53999999999999,
11A,2025-02-04T14:47:30Z,81.15,
11A,2025-02-04T14:47:45Z,81.78,
11A,2025-02-04T14:48:00Z,82.03999999999999,
11A,2025-02-04T14:48:15Z,82.34,
11A,2025-02-04T14:48:30Z,81.9,
11A,2025-02-04T14:48:45Z,82.03,
11A,2025-02-04T14:49:00Z,81.89,
11A,2025-02-04T14:49:15Z,85.30000000000001,
11A,2025-02-04T14:49:30Z,81.84,
11A,2025-02-04T14:49:45Z,73.41,
11A,2025-02-04T14:50:00Z,73.37,
11A,2025-02-04T14:50:15Z,73.59,
11A,2025-02-04T14:50:30Z,73.78,
11A,2025-02-04T14:50:45Z,73.62,
11A,2025-02-04T14:51:00Z,74.89,
11A,2025-02-04T14:51:15Z,73.89,
11A,2025-02-04T14:51:30Z,73.7,
11A,2025-02-04T14:51:45Z,79.8,
11A,2025-02-04T14:52:00Z,79.65,
11A,2025-02-04T14:52:15Z,79.57,
11A,2025-02-04T14:52:30Z,77.53,
11A,2025-02-04T14:52:45Z,75.52,
11A,2025-02-04T14:53:00Z,75.84,
11A,2025-02-04T14:53:15Z,75.33,
11A,2025-02-04T14:53:30Z,76.12,
11A,2025-02-04T14:53:45Z,77.14999999999999,
11A,2025-02-04T14:54:00Z,77.31,
11A,2025-02-04T14:54:15Z,85.30000000000001,
11A,2025-02-04T14:54:30Z,85.35,
11A,2025-02-04T14:54:45Z,85.43,
11A,2025-02-04T14:55:00Z,85.39,
11A,2025-02-04T14:55:15Z,85.14,
11A,2025-02-04T14:55:30Z,81.57,
11A,2025-02-04T14:55:45Z,90.0,
11A,2025-02-04T14:56:00Z,82.88,
11A,2025-02-04T14:56:15Z,78.42,
11A,2025-02-04T14:56:30Z,78.78,
11A,2025-02-04T14:56:45Z,48.53,
11A,2025-02-04T14:57:00Z,46.66,
11A,2025-02-04T14:57:15Z,46.95,
11A,2025-02-04T14:57:30Z,48.86,
11A,2025-02-04T14:57:45Z,54.81,
11A,2025-02-04T14:58:00Z,55.52,
11A,2025-02-04T14:58:15Z,56.24,
11A,2025-02-04T14:58:30Z,59.1,
11A,2025-02-04T14:58:45Z,58.9,
11A,2025-02-04T14:59:00Z,63.28,
11A,2025-02-04T14:59:15Z,63.19,
11A,2025-02-04T14:59:30Z,62.06999999999999,
11A,2025-02-04T14:59:45Z,62.66,
11A,2025-02-04T15:00:00Z,62.14,
11A,2025-02-04T15:00:15Z,62.15,
11A,2025-02-04T15:00:30Z,61.17,
11A,2025-02-04T15:00:45Z,62.19,
11A,2025-02-04T15:01:00Z,62.6,
11A,2025-02-04T15:01:15Z,62.370000000000005,
11A,2025-02-04T15:01:30Z,62.43000000000001,
11A,2025-02-04T15:01:45Z,62.68,
11A,2025-02-04T15:02:00Z,62.7,
11A,2025-02-04T15:02:15Z,62.48,
11A,2025-02-04T15:02:30Z,62.17,
11A,2025-02-04T15:02:45Z,61.94999999999999,
11A,2025-02-04T15:03:00Z,61.93000000000001,
11A,2025-02-04T15:03:15Z,66.5,
11A,2025-02-04T15:03:30Z,67.83,
11A,2025-02-04T15:03:45Z,63.13,
11A,2025-02-04T15:04:00Z,62.53,
11A,2025-02-04T15:04:15Z,63.38999999999999,
11A,2025-02-04T15:04:30Z,63.92,
11A,2025-02-04T15:04:45Z,65.27000000000001,
11A,2025-02-04T15:05:00Z,62.26,
11A,2025-02-04T15:05:15Z,55.22,
11A,2025-02-04T15:05:30Z,58.68,
11A,2025-02-04T15:05:45Z,40.98,
11A,2025-02-04T15:06:00Z,40.68,
11A,2025-02-04T15:06:15Z,40.68,
11A,2025-02-04T15:06:30Z,40.67,
11A,2025-02-04T15:06:45Z,40.31,
11A,2025-02-04T15:07:00Z,40.34,
11A,2025-02-04T15:07:15Z,40.260000000000005,
11A,2025-02-04T15:07:30Z,40.370000000000005,
11A,2025-02-04T15:07:45Z,40.35,
11A,2025-02-04T15:08:00Z,39.25,
11A,2025-02-04T15:08:15Z,37.63,
11A,2025-02-04T15:08:30Z,37.05,
11A,2025-02-04T15:08:45Z,36.76,
11A,2025-02-04T15:09:00Z,34.97,
11A,2025-02-04T15:09:15Z,34.879999999999995,
11A,2025-02-04T15:09:30Z,36.9,
11A,2025-02-04T15:09:45Z,44.900000000000006,
11A,2025-02-04T15:10:00Z,41.13,
11A,2025-02-04T15:10:15Z,40.06,
11A,2025-02-04T15:10:30Z,40.11,
11A,2025-02-04T15:10:45Z,39.25,
11A,2025-02-04T15:11:00Z,40.36,
11A,2025-02-04T15:11:15Z,43.07,
11A,2025-02-04T15:11:30Z,43.09,
11A,2025-02-04T15:11:45Z,43.03,
11A,2025-02-04T15:12:00Z,42.86,
11A,2025-02-04T15:12:15Z,42.99,
11A,2025-02-04T15:12:30Z,42.9,
11A,2025-02-04T15:12:45Z,43.56,
11A,2025-02-04T15:13:00Z,44.04,
11A,2025-02-04T15:13:15Z,44.96,
11A,2025-02-04T15:13:30Z,45.040000000000006,
11A,2025-02-04T15:13:45Z,45.13,
11A,2025-02-04T15:14:00Z,45.16,
11A,2025-02-04T15:14:15Z,42.81,
11A,2025-02-04T15:14:30Z,43.19,
11A,2025-02-04T15:14:45Z,43.15,
11A,2025-02-04T15:15:00Z,43.05,
11A,2025-02-04T15:15:15Z,44.82,
11A,2025-02-04T15:15:30Z,44.99,
11A,2025-02-04T15:15:45Z,44.05,
11A,2025-02-04T15:16:00Z,43.81,
11A,2025-02-04T15:16:15Z,43.87,
11A,2025-02-04T15:16:30Z,43.89,
11A,2025-02-04T15:16:45Z,43.86,
11A,2025-02-04T15:17:00Z,44.010000000000005,
11A,2025-02-04T15:17:15Z,43.81,
11A,2025-02-04T15:17:30Z,43.67,
11A,2025-02-04T15:17:45Z,43.59,
11A,2025-02-04T15:18:00Z,43.620000000000005,
11A,2025-02-04T15:18:15Z,43.57,
11A,2025-02-04T15:18:30Z,43.66,
11A,2025-02-04T15:18:45Z,44.31,
11A,2025-02-04T15:19:00Z,44.63,
11A,2025-02-04T15:19:15Z,48.48,
11A,2025-02-04T15:19:30Z,48.38,
11A,2025-02-04T15:19:45Z,48.09,
11A,2025-02-04T15:20:00Z,48.1,
11A,2025-02-04T15:20:15Z,48.02,
11A,2025-02-04T15:20:30Z,40.2,
11A,2025-02-04T15:20:45Z,42.67,
11A,2025-02-04T15:21:00Z,42.79,
11A,2025-02-04T15:21:15Z,42.58,
11A,2025-02-04T15:21:30Z,42.33,
11A,2025-02-04T15:21:45Z,42.96,
11A,2025-02-04T15:22:00Z,42.26,
11A,2025-02-04T15:22:15Z,42.12,
11A,2025-02-04T15:22:30Z,42.07,
11A,2025-02-04T15:22:45Z,41.71,
11A,2025-02-04T15:23:00Z,41.94,
11A,2025-02-04T15:23:15Z,40.79,
11A,2025-02-04T15:23:30Z,36.97,
11A,2025-02-04T15:23:45Z,36.87,
11A,2025-02-04T15:24:00Z,37.16,
11A,2025-02-04T15:24:15Z,34.93,
11A,2025-02-04T15:24:30Z,36.36,
11A,2025-02-04T15:24:45Z,34.59,
11A,2025-02-04T15:25:00Z,42.49,
11A,2025-02-04T15:25:15Z,42.95,
11A,2025-02-04T15:25:30Z,45.44,
11A,2025-02-04T15:25:45Z,41.42,
11A,2025-02-04T15:26:00Z,41.83,
11A,2025-02-04T15:26:15Z,44.84,
11A,2025-02-04T15:26:30Z,44.67,
11A,2025-02-04T15:26:45Z,44.36,
11A,2025-02-04T15:27:00Z,44.190000000000005,
11A,2025-02-04T15:27:15Z,44.33,
11A,2025-02-04T15:27:30Z,43.8,
11A,2025-02-04T15:27:45Z,44.83,
11A,2025-02-04T15:28:00Z,45.07,
11A,2025-02-04T15:28:15Z,44.71,
11A,2025-02-04T15:28:30Z,45.05,
11A,2025-02-04T15:28:45Z,44.86,
11A,2025-02-04T15:29:00Z,44.87,
11A,2025-02-04T15:29:15Z,44.89,
11A,2025-02-04T15:29:30Z,44.87,
11A,2025-02-04T15:29:45Z,44.82,
11A,2025-02-04T15:30:00Z,44.84,
11A,2025-02-04T15:30:15Z,47.28,
11A,2025-02-04T15:30:30Z,47.08,
11A,2025-02-04T15:30:45Z,43.51,
11A,2025-02-04T15:31:00Z,41.17,
11A,2025-02-04T15:31:15Z,38.91,
11A,2025-02-04T15:31:30Z,38.870000000000005,
11A,2025-02-04T15:31:45Z,38.82,
11A,2025-02-04T15:32:00Z,39.15,
11A,2025-02-04T15:32:15Z,39.14,
11A,2025-02-04T15:32:30Z,39.06,
11A,2025-02-04T15:32:45Z,43.01,
11A,2025-02-04T15:33:00Z,42.91,
11A,2025-02-04T15:33:15Z,42.89,
11A,2025-02-04T15:33:30Z,45.56,
11A,2025-02-04T15:33:45Z,44.71,
11A,2025-02-04T15:34:00Z,46.23,
11A,2025-02-04T15:34:15Z,46.06,
11A,2025-02-04T15:34:30Z,46.07,
11A,2025-02-04T15:34:45Z,46.03,
11A,2025-02-04T15:35:00Z,46.03,
11A,2025-02-04T15:35:15Z,45.22,
11A,2025-02-04T15:35:30Z,45.06,
11A,2025-02-04T15:35:45Z,44.91,
11A,2025-02-04T15:36:00Z,37.13,
11A,2025-02-04T15:36:15Z,37.07,
11A,2025-02-04T15:36:30Z,39.28,
11A,2025-02-04T15:36:45Z,39.06,
11A,2025-02-04T15:37:00Z,35.44,
11A,2025-02-04T15:37:15Z,38.940000000000005,
11A,2025-02-04T15:37:30Z,41.190000000000005,
11A,2025-02-04T15:37:45Z,40.93,
11A,2025-02-04T15:38:00Z,41.03,
11A,2025-02-04T15:38:15Z,41.95,
11A,2025-02-04T15:38:30Z,41.93,
11A,2025-02-04T15:38:45Z,41.78,
11A,2025-02-04T15:39:00Z,41.83,
11A,2025-02-04T15:39:15Z,40.71,
11A,2025-02-04T15:39:30Z,40.47,
11A,2025-02-04T15:39:45Z,40.05,
11A,2025-02-04T15:40:00Z,40.77,
11A,2025-02-04T15:40:15Z,47.010000000000005,
11A,2025-02-04T15:40:30Z,48.6,
11A,2025-02-04T15:40:45Z,47.69,
11A,2025-02-04T15:41:00Z,46.58,
11A,2025-02-04T15:41:15Z,45.8,
11A,2025-02-04T15:41:30Z,45.88,
11A,2025-02-04T15:41:45Z,46.26,
11A,2025-02-04T15:42:00Z,46.56,
11A,2025-02-04T15:42:15Z,47.3,
11A,2025-02-04T15:42:30Z,47.1,
11A,2025-02-04T15:42:45Z,45.31,
11A,2025-02-04T15:43:00Z,45.27,
11A,2025-02-04T15:43:15Z,45.36,
11A,2025-02-04T15:43:30Z,45.43,
11A,2025-02-04T15:43:45Z,45.47,
11A,2025-02-04T15:44:00Z,45.51,
11A,2025-02-04T15:44:15Z,48.51,
11A,2025-02-04T15:44:30Z,48.290000000000006,
11A,2025-02-04T15:44:45Z,50.0,
11A,2025-02-04T15:45:00Z,49.5,
11A,2025-02-04T15:45:15Z,48.9,
11A,2025-02-04T15:45:30Z,48.85,
11A,2025-02-04T15:45:45Z,48.81,
11A,2025-02-04T15:46:00Z,48.85,
11A,2025-02-04T15:46:15Z,48.14,
11A,2025-02-04T15:46:30Z,49.53,
11A,2025-02-04T15:46:45Z,49.22,
11A,2025-02-04T15:47:00Z,44.98,
11A,2025-02-04T15:47:15Z,45.36,
11A,2025-02-04T15:47:30Z,42.71,
11A,2025-02-04T15:47:45Z,42.82,
11A,2025-02-04T15:48:00Z,42.68,
11A,2025-02-04T15:48:15Z,43.35,
11A,2025-02-04T15:48:30Z,41.49,
11A,2025-02-04T15:48:45Z,44.17,
11A,2025-02-04T15:49:00Z,43.3,
11A,2025-02-04T15:49:15Z,44.36,
11A,2025-02-04T15:49:30Z,44.55,
11A,2025-02-04T15:49:45Z,44.370000000000005,
11A,2025-02-04T15:50:00Z,44.52,
11A,2025-02-04T15:50:15Z,44.55,
11A,2025-02-04T15:50:30Z,44.73,
11A,2025-02-04T15:50:45Z,41.69,
11A,2025-02-04T15:51:00Z,41.92,
11A,2025-02-04T15:51:15Z,42.57,
11A,2025-02-04T15:51:30Z,34.629999999999995,
11A,2025-02-04T15:51:45Z,35.01,
11A,2025-02-04T15:52:00Z,34.99,
11A,2025-02-04T15:52:15Z,34.95,
11A,2025-02-04T15:52:30Z,34.94,
11A,2025-02-04T15:52:45Z,35.02,
11A,2025-02-04T15:53:00Z,35.89,
11A,2025-02-04T15:53:15Z,35.64,
11A,2025-02-04T15:53:30Z,39.27,
11A,2025-02-04T15:53:45Z,39.21,
11A,2025-02-04T15:54:00Z,39.2,
11A,2025-02-04T15:54:15Z,36.93,
11A,2025-02-04T15:54:30Z,36.91,
11A,2025-02-04T15:54:45Z,36.28,
11A,2025-02-04T15:55:00Z,36.13,
11A,2025-02-04T15:55:15Z,36.07,
11A,2025-02-04T15:55:30Z,36.06,
11A,2025-02-04T15:55:45Z,44.0,
11A,2025-02-04T15:56:00Z,43.78,
11A,2025-02-04T15:56:15Z,44.05,
11A,2025-02-04T15:56:30Z,45.22,
11A,2025-02-04T15:56:45Z,45.16,
11A,2025-02-04T15:57:00Z,47.08,
11A,2025-02-04T15:57:15Z,45.14,
11A,2025-02-04T15:57:30Z,45.05,
11A,2025-02-04T15:57:45Z,45.35,
11A,2025-02-04T15:58:00Z,45.6,
11A,2025-02-04T15:58:15Z,45.43,
11A,2025-02-04T15:58:30Z,45.4,
11A,2025-02-04T15:58:45Z,45.32,
11A,2025-02-04T15:59:00Z,45.3,
11A,2025-02-04T15:59:15Z,44.38,
11A,2025-02-04T15:59:30Z,44.42,
11A,2025-02-04T15:59:45Z,44.33,
11A,2025-02-04T16:00:00Z,49.99000000000001,
11A,2025-02-04T16:00:15Z,50.21,
11A,2025-02-04T16:00:30Z,50.0,
11A,2025-02-04T16:00:45Z,50.12,
11A,2025-02-04T16:01:00Z,49.98,
11A,2025-02-04T16:01:15Z,50.03,
11A,2025-02-04T16:01:30Z,50.13,
11A,2025-02-04T16:01:45Z,49.18,
11A,2025-02-04T16:02:00Z,49.21000000000001,
11A,2025-02-04T16:02:15Z,50.120000000000005,
11A,2025-02-04T16:02:30Z,50.21,
11A,2025-02-04T16:02:45Z,50.14999999999999,
11A,2025-02-04T16:03:00Z,50.06,
11A,2025-02-04T16:03:15Z,50.57,
11A,2025-02-04T16:03:30Z,47.54,
11A,2025-02-04T16:03:45Z,46.35,
11A,2025-02-04T16:04:00Z,45.63,
11A,2025-02-04T16:04:15Z,42.7,
11A,2025-02-04T16:04:30Z,42.02,
11A,2025-02-04T16:04:45Z,42.36,
11A,2025-02-04T16:05:00Z,42.49,
11A,2025-02-04T16:05:15Z,42.44,
11A,2025-02-04T16:05:30Z,42.29,
11A,2025-02-04T16:05:45Z,42.26,
11A,2025-02-04T16:06:00Z,42.19,
11A,2025-02-04T16:06:15Z,40.39,
11A,2025-02-04T16:06:30Z,40.34,
11A,2025-02-04T16:06:45Z,40.91,
11A,2025-02-04T16:07:00Z,35.88,
11A,2025-02-04T16:07:15Z,33.43,
11A,2025-02-04T16:07:30Z,33.82,
11A,2025-02-04T16:07:45Z,34.379999999999995,
11A,2025-02-04T16:08:00Z,34.15,
11A,2025-02-04T16:08:15Z,34.42,
11A,2025-02-04T16:08:30Z,34.1,
11A,2025-02-04T16:08:45Z,33.2,
11A,2025-02-04T16:09:00Z,33.120000000000005,
11A,2025-02-04T16:09:15Z,33.12,
11A,2025-02-04T16:09:30Z,33.06,
11A,2025-02-04T16:09:45Z,34.43,
11A,2025-02-04T16:10:00Z,47.2,
11A,2025-02-04T16:10:15Z,37.77,
11A,2025-02-04T16:10:30Z,37.040000000000006,
11A,2025-02-04T16:10:45Z,39.09,
11A,2025-02-04T16:11:00Z,38.17,
11A,2025-02-04T16:11:15Z,38.33,
11A,2025-02-04T16:11:30Z,46.37,
11A,2025-02-04T16:11:45Z,46.01,
11A,2025-02-04T16:12:00Z,46.17,
11A,2025-02-04T16:12:15Z,48.03,
11A,2025-02-04T16:12:30Z,48.92,
11A,2025-02-04T16:12:45Z,46.790000000000006,
11A,2025-02-04T16:13:00Z,46.94,
11A,2025-02-04T16:13:15Z,46.32,
11A,2025-02-04T16:13:30Z,51.71,
11A,2025-02-04T16:13:45Z,50.8,
11A,2025-02-04T16:14:00Z,51.830000000000005,
11A,2025-02-04T16:14:15Z,51.47,
11A,2025-02-04T16:14:30Z,51.290000000000006,
11A,2025-02-04T16:14:45Z,51.29,
11A,2025-02-04T16:15:00Z,51.22,
11A,2025-02-04T16:15:15Z,51.17,
11A,2025-02-04T16:15:30Z,50.98,
11A,2025-02-04T16:15:45Z,52.98,
11A,2025-02-04T16:16:00Z,54.81,
11A,2025-02-04T16:16:15Z,52.58,
11A,2025-02-04T16:16:30Z,52.56,
11A,2025-02-04T16:16:45Z,52.55,
11A,2025-02-04T16:17:00Z,52.56,
11A,2025-02-04T16:17:15Z,52.58,
11A,2025-02-04T16:17:30Z,46.18,
11A,2025-02-04T16:17:45Z,45.84,
11A,2025-02-04T16:18:00Z,46.73,
11A,2025-02-04T16:18:15Z,44.08,
11A,2025-02-04T16:18:30Z,44.56,
11A,2025-02-04T16:18:45Z,43.940000000000005,
11A,2025-02-04T16:19:00Z,42.86,
11A,2025-02-04T16:19:15Z,42.84,
11A,2025-02-04T16:19:30Z,43.31,
11A,2025-02-04T16:19:45Z,42.61,
11A,2025-02-04T16:20:00Z,42.64,
11A,2025-02-04T16:20:15Z,42.6,
11A,2025-02-04T16:20:30Z,38.4,
11A,2025-02-04T16:20:45Z,38.49,
11A,2025-02-04T16:21:00Z,40.68,
11A,2025-02-04T16:21:15Z,40.34,
11A,2025-02-04T16:21:30Z,39.46,
11A,2025-02-04T16:21:45Z,39.86,
11A,2025-02-04T16:22:00Z,39.8,
11A,2025-02-04T16:22:15Z,33.800000000000004,
11A,2025-02-04T16:22:30Z,32.82,
11A,2025-02-04T16:22:45Z,33.49,
11A,2025-02-04T16:23:00Z,32.98,
11A,2025-02-04T16:23:15Z,33.02,
11A,2025-02-04T16:23:30Z,32.77,
11A,2025-02-04T16:23:45Z,34.63,
11A,2025-02-04T16:24:00Z,34.7,
11A,2025-02-04T16:24:15Z,34.47,
11A,2025-02-04T16:24:30Z,34.55,
11A,2025-02-04T16:24:45Z,34.52,
11A,2025-02-04T16:25:00Z,37.33,
11A,2025-02-04T16:25:15Z,36.27,
11A,2025-02-04T16:25:30Z,36.18,
11A,2025-02-04T16:25:45Z,36.76,
11A,2025-02-04T16:26:00Z,36.8,
11A,2025-02-04T16:26:15Z,36.94,
11A,2025-02-04T16:26:30Z,36.81,
11A,2025-02-04T16:26:45Z,36.61,
11A,2025-02-04T16:27:00Z,47.94,
11A,2025-02-04T16:27:15Z,47.81,
11A,2025-02-04T16:27:30Z,47.89,
11A,2025-02-04T16:27:45Z,47.82,
11A,2025-02-04T16:28:00Z,47.71,
11A,2025-02-04T16:28:15Z,38.33,
11A,2025-02-04T16:28:30Z,39.33,
11A,2025-02-04T16:28:45Z,64.19,
11A,2025-02-04T16:29:00Z,40.5,
11A,2025-02-04T16:29:15Z,40.48,
11A,2025-02-04T16:29:30Z,38.48,
11A,2025-02-04T16:29:45Z,38.67,
11A,2025-02-04T16:30:00Z,40.49,
11A,2025-02-04T16:30:15Z,44.93,
11A,2025-02-04T16:30:30Z,44.79,
11A,2025-02-04T16:30:45Z,43.04,
11A,2025-02-04T16:31:00Z,43.07,
11A,2025-02-04T16:31:15Z,39.1,
11A,2025-02-04T16:31:30Z,39.14,
11A,2025-02-04T16:31:45Z,39.150000000000006,
11A,2025-02-04T16:32:00Z,38.93,
11A,2025-02-04T16:32:15Z,38.88,
11A,2025-02-04T16:32:30Z,40.03,
11A,2025-02-04T16:32:45Z,39.02,
11A,2025-02-04T16:33:00Z,38.97,
11A,2025-02-04T16:33:15Z,39.05,
11A,2025-02-04T16:33:30Z,38.9,
11A,2025-02-04T16:33:45Z,39.01,
11A,2025-02-04T16:34:00Z,38.99,
11A,2025-02-04T16:34:15Z,39.01,
11A,2025-02-04T16:34:30Z,39.1,
11A,2025-02-04T16:34:45Z,39.21,
11A,2025-02-04T16:35:00Z,40.95,
11A,2025-02-04T16:35:15Z,42.19,
11A,2025-02-04T16:35:30Z,41.04,
11A,2025-02-04T16:35:45Z,41.28,
11A,2025-02-04T16:36:00Z,41.31,
11A,2025-02-04T16:36:15Z,40.77,
11A,2025-02-04T16:36:30Z,39.95,
11A,2025-02-04T16:36:45Z,39.69,
11A,2025-02-04T16:37:00Z,62.56,
11A,2025-02-04T16:37:15Z,39.28,
11A,2025-02-04T16:37:30Z,39.31,
11A,2025-02-04T16:37:45Z,39.22,
11A,2025-02-04T16:38:00Z,39.27,
11A,2025-02-04T16:38:15Z,39.19,
11A,2025-02-04T16:38:30Z,38.64,
11A,2025-02-04T16:38:45Z,38.48,
11A,2025-02-04T16:39:00Z,38.44,
11A,2025-02-04T16:39:15Z,38.67,
11A,2025-02-04T16:39:30Z,39.49,
11A,2025-02-04T16:39:45Z,39.84,
11A,2025-02-04T16:40:00Z,38.08,
11A,2025-02-04T16:40:15Z,42.19,
11A,2025-02-04T16:40:30Z,42.13,
11A,2025-02-04T16:40:45Z,41.5,
11A,2025-02-04T16:41:00Z,40.77,
11A,2025-02-04T16:41:15Z,39.75,
11A,2025-02-04T16:41:30Z,39.69,
11A,2025-02-04T16:41:45Z,39.71,
11A,2025-02-04T16:42:00Z,39.66,
11A,2025-02-04T16:42:15Z,39.98,
11A,2025-02-04T16:42:30Z,40.04,
11A,2025-02-04T16:42:45Z,39.99,
11A,2025-02-04T16:43:00Z,40.11,
11A,2025-02-04T16:43:15Z,40.1,
11A,2025-02-04T16:43:30Z,40.25,
11A,2025-02-04T16:43:45Z,40.32,
11A,2025-02-04T16:44:00Z,40.32,
11A,2025-02-04T16:44:15Z,41.69,
11A,2025-02-04T16:44:30Z,36.92,
11A,2025-02-04T16:44:45Z,36.86,
11A,2025-02-04T16:45:00Z,36.86,
11A,2025-02-04T16:45:15Z,35.77,
11A,2025-02-04T16:45:30Z,35.46,
11A,2025-02-04T16:45:45Z,35.49,
11A,2025-02-04T16:46:00Z,35.53,
11A,2025-02-04T16:46:15Z,35.96,
11A,2025-02-04T16:46:30Z,37.19,
11A,2025-02-04T16:46:45Z,37.56,
11A,2025-02-04T16:47:00Z,36.33,
11A,2025-02-04T16:47:15Z,47.8,
11A,2025-02-04T16:47:30Z,35.209999999999994,
11A,2025-02-04T16:47:45Z,34.97,
11A,2025-02-04T16:48:00Z,34.24,
11A,2025-02-04T16:48:15Z,35.33,
11A,2025-02-04T16:48:30Z,35.64,
11A,2025-02-04T16:48:45Z,35.5,
11A,2025-02-04T16:49:00Z,35.31,
11A,2025-02-04T16:49:15Z,35.230000000000004,
11A,2025-02-04T16:49:30Z,35.230000000000004,
11A,2025-02-04T16:49:45Z,35.07,
11A,2025-02-04T16:50:00Z,38.05,
11A,2025-02-04T16:50:15Z,36.85,
11A,2025-02-04T16:50:30Z,36.74,
11A,2025-02-04T16:50:45Z,36.79,
11A,2025-02-04T16:51:00Z,36.16,
11A,2025-02-04T16:51:15Z,37.120000000000005,
11A,2025-02-04T16:51:30Z,35.39,
11A,2025-02-04T16:51:45Z,34.86,
11A,2025-02-04T16:52:00Z,34.58,
11A,2025-02-04T16:52:15Z,34.43,
11A,2025-02-04T16:52:30Z,34.59,
11A,2025-02-04T16:52:45Z,34.410000000000004,
11A,2025-02-04T16:53:00Z,34.36,
11A,2025-02-04T16:53:15Z,33.849999999999994,
11A,2025-02-04T16:53:30Z,38.75,
11A,2025-02-04T16:53:45Z,38.73,
11A,2025-02-04T16:54:00Z,38.4,
11A,2025-02-04T16:54:15Z,37.23,
11A,2025-02-04T16:54:30Z,37.23,
11A,2025-02-04T16:54:45Z,37.25,
11A,2025-02-04T16:55:00Z,36.99,
11A,2025-02-04T16:55:15Z,38.37,
11A,2025-02-04T16:55:30Z,36.9,
11A,2025-02-04T16:55:45Z,36.88,
11A,2025-02-04T16:56:00Z,36.95,
11A,2025-02-04T16:56:15Z,36.89,
11A,2025-02-04T16:56:30Z,36.81,
11A,2025-02-04T16:56:45Z,36.82,
11A,2025-02-04T16:57:00Z,36.79,
11A,2025-02-04T16:57:15Z,37.81,
11A,2025-02-04T16:57:30Z,37.96,
11A,2025-02-04T16:57:45Z,34.0,
11A,2025-02-04T16:58:00Z,35.849999999999994,
11A,2025-02-04T16:58:15Z,35.81,
11A,2025-02-04T16:58:30Z,35.66,
11A,2025-02-04T16:58:45Z,35.78,
11A,2025-02-04T16:59:00Z,35.91,
11A,2025-02-04T16:59:15Z,36.79,
11A,2025-02-04T16:59:30Z,36.92,
11A,2025-02-04T16:59:45Z,36.77,
11A,2025-02-04T17:00:00Z,36.61,
11A,2025-02-04T17:00:15Z,33.910000000000004,
11A,2025-02-04T17:00:30Z,33.89,
11A,2025-02-04T17:00:45Z,33.92,
11A,2025-02-04T17:01:00Z,34.65,
11A,2025-02-04T17:01:15Z,34.6,
11A,2025-02-04T17:01:30Z,33.95,
11A,2025-02-04T17:01:45Z,51.150000000000006,
11A,2025-02-04T17:02:00Z,35.5,
11A,2025-02-04T17:02:15Z,34.58,
11A,2025-02-04T17:02:30Z,35.0,
11A,2025-02-04T17:02:45Z,35.09,
11A,2025-02-04T17:03:00Z,35.239999999999995,
11A,2025-02-04T17:03:15Z,35.93,
11A,2025-02-04T17:03:30Z,33.3,
11A,2025-02-04T17:03:45Z,31.14,
11A,2025-02-04T17:04:00Z,30.96,
11A,2025-02-04T17:04:15Z,31.17,
11A,2025-02-04T17:04:30Z,31.07,
11A,2025-02-04T17:04:45Z,31.15,
11A,2025-02-04T17:05:00Z,32.27,
11A,2025-02-04T17:05:15Z,32.26,
11A,2025-02-04T17:05:30Z,33.12,
11A,2025-02-04T17:05:45Z,33.39,
11A,2025-02-04T17:06:00Z,33.22,
11A,2025-02-04T17:06:15Z,33.09,
11A,2025-02-04T17:06:30Z,33.03,
11A,2025-02-04T17:06:45Z,37.18,
11A,2025-02-04T17:07:00Z,37.4,
11A,2025-02-04T17:07:15Z,37.11,
11A,2025-02-04T17:07:30Z,37.08,
11A,2025-02-04T17:07:45Z,37.09,
11A,2025-02-04T17:08:00Z,36.99,
11A,2025-02-04T17:08:15Z,37.08,
11A,2025-02-04T17:08:30Z,37.13,
11A,2025-02-04T17:08:45Z,37.27,
11A,2025-02-04T17:09:00Z,37.41,
11A,2025-02-04T17:09:15Z,37.05,
11A,2025-02-04T17:09:30Z,36.13,
11A,2025-02-04T17:09:45Z,36.04,
11A,2025-02-04T17:10:00Z,36.05,
11A,2025-02-04T17:10:15Z,31.43,
11A,2025-02-04T17:10:30Z,31.15,
11A,2025-02-04T17:10:45Z,32.78,
11A,2025-02-04T17:11:00Z,32.879999999999995,
11A,2025-02-04T17:11:15Z,32.63,
11A,2025-02-04T17:11:30Z,28.94,
11A,2025-02-04T17:11:45Z,28.98,
11A,2025-02-04T17:12:00Z,29.14,
11A,2025-02-04T17:12:15Z,29.1,
11A,2025-02-04T17:12:30Z,30.11,
11A,2025-02-04T17:12:45Z,30.770000000000003,
11A,2025-02-04T17:13:00Z,27.14,
11A,2025-02-04T17:13:15Z,50.39,
11A,2025-02-04T17:13:30Z,26.81,
11A,2025-02-04T17:13:45Z,26.61,
11A,2025-02-04T17:14:00Z,26.23,
11A,2025-02-04T17:14:15Z,25.88,
11A,2025-02-04T17:14:30Z,25.71,
11A,2025-02-04T17:14:45Z,25.65,
11A,2025-02-04T17:15:00Z,25.73,
11A,2025-02-04T17:15:15Z,25.73,
11A,2025-02-04T17:15:30Z,23.94,
11A,2025-02-04T17:15:45Z,24.05,
11A,2025-02-04T17:16:00Z,24.1,
11A,2025-02-04T17:16:15Z,24.04,
11A,2025-02-04T17:16:30Z,23.87,
11A,2025-02-04T17:16:45Z,24.01,
11A,2025-02-04T17:17:00Z,25.06,
11A,2025-02-04T17:17:15Z,24.79,
11A,2025-02-04T17:17:30Z,23.12,
11A,2025-02-04T17:17:45Z,23.08,
11A,2025-02-04T17:18:00Z,23.01,
11A,2025-02-04T17:18:15Z,23.04,
11A,2025-02-04T17:18:30Z,23.05,
11A,2025-02-04T17:18:45Z,23.06,
11A,2025-02-04T17:19:00Z,22.12,
11A,2025-02-04T17:19:15Z,22.1,
11A,2025-02-04T17:19:30Z,21.950000000000003,
11A,2025-02-04T17:19:45Z,22.04,
11A,2025-02-04T17:20:00Z,22.14,
11A,2025-02-04T17:20:15Z,26.3,
11A,2025-02-04T17:20:30Z,27.48,
11A,2025-02-04T17:20:45Z,27.36,
11A,2025-02-04T17:21:00Z,27.03,
11A,2025-02-04T17:21:15Z,26.96,
11A,2025-02-04T17:21:30Z,26.5,
11A,2025-02-04T17:21:45Z,20.69,
11A,2025-02-04T17:22:00Z,20.68,
11A,2025-02-04T17:22:15Z,20.72,
11A,2025-02-04T17:22:30Z,22.53,
11A,2025-02-04T17:22:45Z,22.57,
11A,2025-02-04T17:23:00Z,22.61,
11A,2025-02-04T17:23:15Z,22.51,
11A,2025-02-04T17:23:30Z,22.8,
11A,2025-02-04T17:23:45Z,22.78,
11A,2025-02-04T17:24:00Z,22.84,
11A,2025-02-04T17:24:15Z,18.8,
11A,2025-02-04T17:24:30Z,18.99,
11A,2025-02-04T17:24:45Z,18.92,
11A,2025-02-04T17:25:00Z,18.84,
11A,2025-02-04T17:25:15Z,19.92,
11A,2025-02-04T17:25:30Z,19.92,
11A,2025-02-04T17:25:45Z,18.93,
11A,2025-02-04T17:26:00Z,18.7,
11A,2025-02-04T17:26:15Z,18.83,
11A,2025-02-04T17:26:30Z,18.89,
11A,2025-02-04T17:26:45Z,18.78,
11A,2025-02-04T17:27:00Z,18.68,
11A,2025-02-04T17:27:15Z,16.72,
11A,2025-02-04T17:27:30Z,16.79,
11A,2025-02-04T17:27:45Z,16.73,
11A,2025-02-04T17:28:00Z,16.89,
11A,2025-02-04T17:28:15Z,17.35,
11A,2025-02-04T17:28:30Z,16.869999999999997,
11A,2025-02-04T17:28:45Z,17.79,
11A,2025-02-04T17:29:00Z,17.95,
11A,2025-02-04T17:29:15Z,17.86,
11A,2025-02-04T17:29:30Z,17.89,
11A,2025-02-04T17:29:45Z,17.759999999999998,
11A,2025-02-04T17:30:00Z,17.77,
11A,2025-02-04T17:30:15Z,17.82,
11A,2025-02-04T17:30:30Z,17.840000000000003,
11A,2025-02-04T17:30:45Z,17.86,
11A,2025-02-04T17:31:00Z,17.82,
11A,2025-02-04T17:31:15Z,16.91,
11A,2025-02-04T17:31:30Z,16.97,
11A,2025-02-04T17:31:45Z,16.950000000000003,
11A,2025-02-04T17:32:00Z,16.98,
11A,2025-02-04T17:32:15Z,16.96,
11A,2025-02-04T17:32:30Z,17.08,
11A,2025-02-04T17:32:45Z,17.080000000000002,
11A,2025-02-04T17:33:00Z,17.05,
11A,2025-02-04T17:33:15Z,16.86,
11A,2025-02-04T17:33:30Z,21.22,
11A,2025-02-04T17:33:45Z,21.26,
11A,2025-02-04T17:34:00Z,21.12,
11A,2025-02-04T17:34:15Z,21.66,
11A,2025-02-04T17:34:30Z,21.55,
11A,2025-02-04T17:34:45Z,21.54,
11A,2025-02-04T17:35:00Z,21.58,
11A,2025-02-04T17:35:15Z,21.590000000000003,
11A,2025-02-04T17:35:30Z,21.64,
11A,2025-02-04T17:35:45Z,21.67,
11A,2025-02-04T17:36:00Z,21.77,
11A,2025-02-04T17:36:15Z,21.69,
11A,2025-02-04T17:36:30Z,21.630000000000003,
11A,2025-02-04T17:36:45Z,21.700000000000003,
11A,2025-02-04T17:37:00Z,21.65,
11A,2025-02-04T17:37:15Z,22.53,
11A,2025-02-04T17:37:30Z,23.16,
11A,2025-02-04T17:37:45Z,19.27,
11A,2025-02-04T17:38:00Z,19.22,
11A,2025-02-04T17:38:15Z,19.13,
11A,2025-02-04T17:38:30Z,19.07,
11A,2025-02-04T17:38:45Z,19.47,
11A,2025-02-04T17:39:00Z,19.36,
11A,2025-02-04T17:39:15Z,17.31,
11A,2025-02-04T17:39:30Z,17.310000000000002,
11A,2025-02-04T17:39:45Z,17.22,
11A,2025-02-04T17:40:00Z,17.240000000000002,
11A,2025-02-04T17:40:15Z,17.23,
11A,2025-02-04T17:40:30Z,17.2,
11A,2025-02-04T17:40:45Z,16.810000000000002,
11A,2025-02-04T17:41:00Z,17.1,
11A,2025-02-04T17:41:15Z,17.119999999999997,
11A,2025-02-04T17:41:30Z,17.03,
11A,2025-02-04T17:41:45Z,16.9,
11A,2025-02-04T17:42:00Z,16.72,
11A,2025-02-04T17:42:15Z,16.81,
11A,2025-02-04T17:42:30Z,16.87,
11A,2025-02-04T17:42:45Z,16.89,
11A,2025-02-04T17:43:00Z,16.06,
11A,2025-02-04T17:43:15Z,16.16,
11A,2025-02-04T17:43:30Z,16.13,
11A,2025-02-04T17:43:45Z,16.3,
11A,2025-02-04T17:44:00Z,15.78,
11A,2025-02-04T17:44:15Z,15.810000000000002,
11A,2025-02-04T17:44:30Z,15.78,
11A,2025-02-04T17:44:45Z,14.71,
11A,2025-02-04T17:45:00Z,14.67,
11A,2025-02-04T17:45:15Z,14.56,
11A,2025-02-04T17:45:30Z,14.6,
11A,2025-02-04T17:45:45Z,14.63,
11A,2025-02-04T17:46:00Z,15.94,
11A,2025-02-04T17:46:15Z,17.85,
11A,2025-02-04T17:46:30Z,27.67,
11A,2025-02-04T17:46:45Z,22.11,
11A,2025-02-04T17:47:00Z,21.85,
11A,2025-02-04T17:47:15Z,21.71,
11A,2025-02-04T17:47:30Z,21.69,
11A,2025-02-04T17:48:00Z,21.7,
11A,2025-02-04T17:48:15Z,21.73,
11A,2025-02-04T17:48:30Z,21.62,
11A,2025-02-04T17:48:45Z,21.65,
11A,2025-02-04T17:49:00Z,21.69,
11A,2025-02-04T17:49:15Z,21.58,
11A,2025-02-04T17:49:30Z,21.52,
11A,2025-02-04T17:49:45Z,21.58,
11A,2025-02-04T17:50:00Z,21.54,
11A,2025-02-04T17:50:15Z,21.44,
11A,2025-02-04T17:50:30Z,21.54,
11A,2025-02-04T17:50:45Z,17.55,
11A,2025-02-04T17:51:00Z,16.56,
11A,2025-02-04T17:51:15Z,16.58,
11A,2025-02-04T17:51:30Z,16.619999999999997,
11A,2025-02-04T17:51:45Z,14.78,
11A,2025-02-04T17:52:00Z,14.77,
11A,2025-02-04T17:52:15Z,14.78,
11A,2025-02-04T17:52:30Z,14.78,
11A,2025-02-04T17:52:45Z,14.85,
11A,2025-02-04T17:53:00Z,14.89,
11A,2025-02-04T17:53:15Z,14.75,
11A,2025-02-04T17:53:30Z,15.989999999999998,
11A,2025-02-04T17:53:45Z,15.970000000000002,
11A,2025-02-04T17:54:00Z,16.86,
11A,2025-02-04T17:54:15Z,17.05,
11A,2025-02-04T17:54:30Z,16.92,
11A,2025-02-04T17:54:45Z,16.83,
11A,2025-02-04T17:55:00Z,16.88,
11A,2025-02-04T17:55:15Z,16.86,
11A,2025-02-04T17:55:30Z,17.07,
11A,2025-02-04T17:55:45Z,16.99,
11A,2025-02-04T17:56:00Z,16.96,
11A,2025-02-04T17:56:15Z,16.86,
11A,2025-02-04T17:56:30Z,16.79,
11A,2025-02-04T17:56:45Z,16.78,
11A,2025-02-04T17:57:00Z,16.74,
11A,2025-02-04T17:57:15Z,16.71,
11A,2025-02-04T17:57:30Z,16.73,
11A,2025-02-04T17:57:45Z,16.42,
11A,2025-02-04T17:58:00Z,16.3,
11A,2025-02-04T17:58:15Z,16.27,
11A,2025-02-04T17:58:30Z,16.23,
11A,2025-02-04T17:58:45Z,15.23,
11A,2025-02-04T17:59:00Z,17.02,
11A,2025-02-04T17:59:15Z,16.98,
11A,2025-02-04T17:59:30Z,16.990000000000002,
11A,2025-02-04T17:59:45Z,21.2,
11A,2025-02-04T18:00:00Z,21.29,
11A,2025-02-04T18:00:15Z,21.25,
11A,2025-02-04T18:00:30Z,21.43,
11A,2025-02-04T18:00:45Z,21.33,
11A,2025-02-04T18:01:00Z,21.25,
11A,2025-02-04T18:01:15Z,21.23,
11A,2025-02-04T18:01:30Z,21.11,
11A,2025-02-04T18:01:45Z,22.09,
11A,2025-02-04T18:02:00Z,22.270000000000003,
11A,2025-02-04T18:02:15Z,22.15,
11A,2025-02-04T18:02:30Z,22.11,
11A,2025-02-04T18:02:45Z,22.25,
11A,2025-02-04T18:03:00Z,22.200000000000003,
11A,2025-02-04T18:03:15Z,22.17,
11A,2025-02-04T18:03:30Z,22.12,
11A,2025-02-04T18:03:45Z,20.26,
11A,2025-02-04T18:04:00Z,16.419999999999998,
11A,2025-02-04T18:04:15Z,16.4,
11A,2025-02-04T18:04:30Z,16.38,
11A,2025-02-04T18:04:45Z,16.34,
11A,2025-02-04T18:05:00Z,16.4,
11A,2025-02-04T18:05:15Z,16.44,
11A,2025-02-04T18:05:30Z,17.03,
11A,2025-02-04T18:05:45Z,16.970000000000002,
11A,2025-02-04T18:06:00Z,16.96,
11A,2025-02-04T18:06:15Z,17.15,
11A,2025-02-04T18:06:30Z,17.25,
11A,2025-02-04T18:06:45Z,17.16,
11A,2025-02-04T18:07:00Z,17.119999999999997,
11A,2025-02-04T18:07:15Z,17.1,
11A,2025-02-04T18:07:30Z,16.93,
11A,2025-02-04T18:07:45Z,16.9,
11A,2025-02-04T18:08:00Z,16.83,
11A,2025-02-04T18:08:15Z,16.82,
11A,2025-02-04T18:08:30Z,16.89,
11A,2025-02-04T18:08:45Z,15.81,
11A,2025-02-04T18:09:00Z,15.849999999999998,
11A,2025-02-04T18:09:15Z,15.810000000000002,
11A,2025-02-04T18:09:30Z,15.84,
11A,2025-02-04T18:09:45Z,15.88,
11A,2025-02-04T18:10:00Z,17.1,
11A,2025-02-04T18:10:15Z,17.59,
11A,2025-02-04T18:10:30Z,17.19,
11A,2025-02-04T18:10:45Z,17.119999999999997,
11A,2025-02-04T18:11:00Z,17.189999999999998,
11A,2025-02-04T18:11:15Z,17.2,
11A,2025-02-04T18:11:30Z,17.24,
11A,2025-02-04T18:11:45Z,18.37,
11A,2025-02-04T18:12:00Z,18.42,
11A,2025-02-04T18:12:15Z,18.38,
11A,2025-02-04T18:12:30Z,18.36,
11A,2025-02-04T18:12:45Z,21.87,
11A,2025-02-04T18:13:00Z,21.33,
11A,2025-02-04T18:13:15Z,20.4,
11A,2025-02-04T18:13:30Z,20.2,
11A,2025-02-04T18:13:45Z,20.18,
11A,2025-02-04T18:14:00Z,20.14,
11A,2025-02-04T18:14:15Z,20.05,
11A,2025-02-04T18:14:30Z,20.11,
11A,2025-02-04T18:14:45Z,20.19,
11A,2025-02-04T18:15:00Z,19.53,
11A,2025-02-04T18:15:15Z,18.52,
11A,2025-02-04T18:15:30Z,18.39,
11A,2025-02-04T18:15:45Z,18.38,
11A,2025-02-04T18:16:00Z,18.36,
11A,2025-02-04T18:16:15Z,18.37,
11A,2025-02-04T18:16:30Z,18.37,
11A,2025-02-04T18:16:45Z,18.47,
11A,2025-02-04T18:17:00Z,14.63,
11A,2025-02-04T18:17:15Z,14.59,
11A,2025-02-04T18:17:30Z,14.62,
11A,2025-02-04T18:17:45Z,14.740000000000002,
11A,2025-02-04T18:18:00Z,13.86,
11A,2025-02-04T18:18:15Z,13.84,
11A,2025-02-04T18:18:30Z,13.78,
11A,2025-02-04T18:18:45Z,13.75,
11A,2025-02-04T18:19:00Z,13.81,
11A,2025-02-04T18:19:15Z,13.77,
11A,2025-02-04T18:19:30Z,13.65,
11A,2025-02-04T18:19:45Z,13.7,
11A,2025-02-04T18:20:00Z,13.57,
11A,2025-02-04T18:20:15Z,13.55,
11A,2025-02-04T18:20:30Z,13.55,
11A,2025-02-04T18:20:45Z,13.55,
11A,2025-02-04T18:21:00Z,14.55,
11A,2025-02-04T18:21:15Z,15.64,
11A,2025-02-04T18:21:30Z,15.739999999999998,
11A,2025-02-04T18:21:45Z,15.740000000000002,
11A,2025-02-04T18:22:00Z,17.1,
11A,2025-02-04T18:22:15Z,17.29,
11A,2025-02-04T18:22:30Z,17.36,
11A,2025-02-04T18:22:45Z,17.369999999999997,
11A,2025-02-04T18:23:00Z,17.99,
11A,2025-02-04T18:23:15Z,17.98,
11A,2025-02-04T18:23:30Z,18.01,
11A,2025-02-04T18:23:45Z,18.0,
11A,2025-02-04T18:24:00Z,17.98,
11A,2025-02-04T18:24:15Z,18.06,
11A,2025-02-04T18:24:30Z,17.52,
11A,2025-02-04T18:24:45Z,17.52,
11A,2025-02-04T18:25:00Z,17.52,
11A,2025-02-04T18:25:15Z,17.48,
11A,2025-02-04T18:25:30Z,17.47,
11A,2025-02-04T18:25:45Z,16.42,
11A,2025-02-04T18:26:00Z,20.62,
11A,2025-02-04T18:26:15Z,20.61,
11A,2025-02-04T18:26:30Z,20.36,
11A,2025-02-04T18:26:45Z,20.18,
11A,2025-02-04T18:27:00Z,20.37,
11A,2025-02-04T18:27:15Z,20.66,
11A,2025-02-04T18:27:30Z,18.72,
11A,2025-02-04T18:27:45Z,18.78,
11A,2025-02-04T18:28:00Z,18.83,
11A,2025-02-04T18:28:15Z,18.79,
11A,2025-02-04T18:28:30Z,18.75,
11A,2025-02-04T18:28:45Z,19.84,
11A,2025-02-04T18:29:00Z,19.37,
11A,2025-02-04T18:29:15Z,19.42,
11A,2025-02-04T18:29:30Z,19.52,
11A,2025-02-04T18:29:45Z,19.32,
11A,2025-02-04T18:30:00Z,19.44,
11A,2025-02-04T18:30:15Z,15.56,
11A,2025-02-04T18:30:30Z,15.54,
11A,2025-02-04T18:30:45Z,15.42,
11A,2025-02-04T18:31:00Z,15.43,
11A,2025-02-04T18:32:45Z,15.95,
11A,2025-02-04T18:33:00Z,15.89,
11A,2025-02-04T18:33:15Z,15.91,
11A,2025-02-04T18:33:30Z,15.91,
11A,2025-02-04T18:33:45Z,15.96,
11A,2025-02-04T18:34:00Z,15.87,
11A,2025-02-04T18:34:15Z,15.900000000000002,
11A,2025-02-04T18:34:30Z,14.85,
11A,2025-02-04T18:34:45Z,14.95,
11A,2025-02-04T18:35:00Z,14.89,
11A,2025-02-04T18:35:15Z,14.85,
11A,2025-02-04T18:35:30Z,14.86,
11A,2025-02-04T18:35:45Z,14.78,
11A,2025-02-04T18:36:00Z,14.77,
11A,2025-02-04T18:36:15Z,14.509999999999998,
11A,2025-02-04T18:36:30Z,14.54,
11A,2025-02-04T18:36:45Z,14.45,
11A,2025-02-04T18:37:00Z,14.61,
11A,2025-02-04T18:37:15Z,14.01,
11A,2025-02-04T18:37:30Z,15.05,
11A,2025-02-04T18:37:45Z,15.14,
11A,2025-02-04T18:38:00Z,15.1,
11A,2025-02-04T18:38:15Z,15.079999999999998,
11A,2025-02-04T18:38:30Z,15.16,
11A,2025-02-04T18:38:45Z,15.02,
11A,2025-02-04T18:39:00Z,15.2,
11A,2025-02-04T18:39:15Z,19.26,
11A,2025-02-04T18:39:30Z,18.97,
11A,2025-02-04T18:39:45Z,18.95,
11A,2025-02-04T18:40:00Z,18.95,
11A,2025-02-04T18:40:15Z,18.95,
11A,2025-02-04T18:40:30Z,18.81,
11A,2025-02-04T18:40:45Z,19.05,
11A,2025-02-04T18:41:00Z,19.08,
11A,2025-02-04T18:41:15Z,19.16,
11A,2025-02-04T18:41:30Z,19.39,
11A,2025-02-04T18:41:45Z,19.31,
11A,2025-02-04T18:42:00Z,19.23,
11A,2025-02-04T18:42:15Z,19.21,
11A,2025-02-04T18:42:30Z,19.2,
11A,2025-02-04T18:42:45Z,19.36,
11A,2025-02-04T18:43:00Z,18.2,
11A,2025-02-04T18:43:15Z,18.08,
11A,2025-02-04T18:43:30Z,14.099999999999998,
11A,2025-02-04T18:43:45Z,14.05,
11A,2025-02-04T18:44:00Z,14.11,
11A,2025-02-04T18:44:15Z,14.06,
11A,2025-02-04T18:44:30Z,14.010000000000002,
11A,2025-02-04T18:44:45Z,13.97,
11A,2025-02-04T18:45:00Z,12.88,
11A,2025-02-04T18:45:15Z,12.94,
11A,2025-02-04T18:45:30Z,13.02,
11A,2025-02-04T18:45:45Z,13.87,
11A,2025-02-04T18:46:00Z,13.990000000000002,
11A,2025-02-04T18:46:15Z,14.009999999999998,
11A,2025-02-04T18:46:30Z,13.970000000000002,
11A,2025-02-04T18:46:45Z,13.97,
11A,2025-02-04T18:47:00Z,13.91,
11A,2025-02-04T18:47:15Z,13.91,
11A,2025-02-04T18:47:30Z,13.96,
11A,2025-02-04T18:47:45Z,13.98,
11A,2025-02-04T18:48:00Z,13.919999999999998,
11A,2025-02-04T18:48:15Z,13.95,
11A,2025-02-04T18:48:30Z,13.94,
11A,2025-02-04T18:48:45Z,13.920000000000002,
11A,2025-02-04T18:49:00Z,13.98,
11A,2025-02-04T18:49:15Z,13.989999999999998,
11A,2025-02-04T18:49:30Z,14.01,
11A,2025-02-04T18:49:45Z,13.87,
11A,2025-02-04T18:50:00Z,13.920000000000002,
11A,2025-02-04T18:50:15Z,13.94,
11A,2025-02-04T18:50:30Z,13.94,
11A,2025-02-04T18:50:45Z,13.92,
11A,2025-02-04T18:51:00Z,12.91,
11A,2025-02-04T18:51:15Z,12.900000000000002,
11A,2025-02-04T18:51:30Z,12.87,
11A,2025-02-04T18:51:45Z,13.05,
11A,2025-02-04T18:52:00Z,13.15,
11A,2025-02-04T18:52:15Z,13.09,
11A,2025-02-04T18:52:30Z,16.78,
11A,2025-02-04T18:52:45Z,17.33,
11A,2025-02-04T18:53:00Z,17.04,
11A,2025-02-04T18:53:15Z,16.95,
11A,2025-02-04T18:53:30Z,16.86,
11A,2025-02-04T18:53:45Z,16.74,
11A,2025-02-04T18:54:00Z,17.72,
11A,2025-02-04T18:54:15Z,17.79,
11A,2025-02-04T18:54:30Z,17.83,
11A,2025-02-04T18:54:45Z,17.810000000000002,
11A,2025-02-04T18:55:00Z,17.79,
11A,2025-02-04T18:55:15Z,18.5,
11A,2025-02-04T18:55:30Z,18.87,
11A,2025-02-04T18:55:45Z,18.92,
11A,2025-02-04T18:56:00Z,18.8,
11A,2025-02-04T18:56:15Z,18.77,
11A,2025-02-04T18:56:30Z,18.66,
11A,2025-02-04T18:56:45Z,14.79,
11A,2025-02-04T18:57:00Z,14.81,
11A,2025-02-04T18:57:15Z,14.83,
11A,2025-02-04T18:57:30Z,14.81,
11A,2025-02-04T18:57:45Z,14.81,
11A,2025-02-04T18:58:00Z,14.84,
11A,2025-02-04T18:58:15Z,14.87,
11A,2025-02-04T18:58:30Z,14.77,
11A,2025-02-04T18:58:45Z,13.81,
11A,2025-02-04T18:59:00Z,13.78,
11A,2025-02-04T18:59:15Z,14.31,
11A,2025-02-04T18:59:30Z,14.28,
11A,2025-02-04T18:59:45Z,14.21,
11A,2025-02-04T19:00:00Z,14.26,
11A,2025-02-04T19:00:15Z,14.34,
11A,2025-02-04T19:00:30Z,14.32,
11A,2025-02-04T19:00:45Z,14.26,
11A,2025-02-04T19:01:00Z,14.36,
11A,2025-02-04T19:01:15Z,14.22,
11A,2025-02-04T19:01:30Z,14.169999999999998,
11A,2025-02-04T19:01:45Z,15.4,
11A,2025-02-04T19:02:00Z,15.35,
11A,2025-02-04T19:02:15Z,15.38,
11A,2025-02-04T19:02:30Z,15.329999999999998,
11A,2025-02-04T19:02:45Z,15.24,
11A,2025-02-04T19:03:00Z,15.31,
11A,2025-02-04T19:03:15Z,15.260000000000002,
11A,2025-02-04T19:03:30Z,15.31,
11A,2025-02-04T19:03:45Z,15.329999999999998,
11A,2025-02-04T19:04:00Z,15.44,
11A,2025-02-04T19:04:15Z,14.96,
11A,2025-02-04T19:04:30Z,14.88,
11A,2025-02-04T19:04:45Z,14.79,
11A,2025-02-04T19:05:00Z,14.86,
11A,2025-02-04T19:05:15Z,14.94,
11A,2025-02-04T19:05:30Z,14.95,
11A,2025-02-04T19:05:45Z,18.33,
11A,2025-02-04T19:06:00Z,19.29,
11A,2025-02-04T19:06:15Z,19.14,
11A,2025-02-04T19:06:30Z,19.03,
11A,2025-02-04T19:06:45Z,18.98,
11A,2025-02-04T19:07:00Z,17.84,
11A,2025-02-04T19:07:15Z,17.83,
11A,2025-02-04T19:07:30Z,17.81,
11A,2025-02-04T19:07:45Z,17.86,
11A,2025-02-04T19:08:00Z,17.849999999999998,
11A,2025-02-04T19:08:15Z,17.919999999999998,
11A,2025-02-04T19:08:30Z,17.93,
11A,2025-02-04T19:08:45Z,17.759999999999998,
11A,2025-02-04T19:09:00Z,17.72,
11A,2025-02-04T19:09:15Z,17.84,
11A,2025-02-04T19:09:30Z,18.26,
11A,2025-02-04T19:09:45Z,18.32,
11A,2025-02-04T19:10:00Z,15.509999999999998,
11A,2025-02-04T19:10:15Z,15.53,
11A,2025-02-04T19:10:30Z,15.47,
11A,2025-02-04T19:10:45Z,15.62,
11A,2025-02-04T19:11:00Z,15.18,
11A,2025-02-04T19:11:15Z,15.11,
11A,2025-02-04T19:11:30Z,15.2,
11A,2025-02-04T19:11:45Z,15.160000000000002,
11A,2025-02-04T19:12:00Z,15.16,
11A,2025-02-04T19:12:15Z,15.16,
11A,2025-02-04T19:12:30Z,15.22,
11A,2025-02-04T19:12:45Z,15.27,
11A,2025-02-04T19:13:00Z,15.18,
11A,2025-02-04T19:13:15Z,15.3,
11A,2025-02-04T19:13:30Z,15.19,
11A,2025-02-04T19:13:45Z,15.21,
11A,2025-02-04T19:14:00Z,14.05,
11A,2025-02-04T19:14:15Z,13.95,
11A,2025-02-04T19:14:30Z,13.96,
11A,2025-02-04T19:14:45Z,14.08,
11A,2025-02-04T19:15:00Z,14.62,
11A,2025-02-04T19:15:15Z,13.66,
11A,2025-02-04T19:15:30Z,12.8,
11A,2025-02-04T19:15:45Z,12.87,
11A,2025-02-04T19:16:00Z,12.84,
11A,2025-02-04T19:16:15Z,12.85,
11A,2025-02-04T19:16:30Z,12.85,
11A,2025-02-04T19:16:45Z,12.29,
11A,2025-02-04T19:17:00Z,12.24,
11A,2025-02-04T19:17:15Z,12.27,
11A,2025-02-04T19:17:30Z,12.44,
11A,2025-02-04T19:17:45Z,12.69,
11A,2025-02-04T19:18:00Z,12.5,
11A,2025-02-04T19:18:15Z,13.65,
11A,2025-02-04T19:18:30Z,13.68,
11A,2025-02-04T19:18:45Z,13.65,
11A,2025-02-04T19:19:00Z,17.83,
11A,2025-02-04T19:19:15Z,17.54,
11A,2025-02-04T19:19:30Z,17.39,
11A,2025-02-04T19:19:45Z,17.310000000000002,
11A,2025-02-04T19:20:00Z,17.86,
11A,2025-02-04T19:20:15Z,17.849999999999998,
11A,2025-02-04T19:20:30Z,17.869999999999997,
11A,2025-02-04T19:20:45Z,17.9,
11A,2025-02-04T19:21:00Z,17.88,
11A,2025-02-04T19:21:15Z,17.93,
11A,2025-02-04T19:21:30Z,18.01,
11A,2025-02-04T19:21:45Z,18.0,
11A,2025-02-04T19:22:00Z,18.04,
11A,2025-02-04T19:22:15Z,18.94,
11A,2025-02-04T19:22:30Z,19.03,
11A,2025-02-04T19:22:45Z,19.05,
11A,2025-02-04T19:23:00Z,15.07,
11A,2025-02-04T19:23:15Z,15.05,
11A,2025-02-04T19:23:30Z,14.04,
11A,2025-02-04T19:23:45Z,14.080000000000002,
11A,2025-02-04T19:24:00Z,14.07,
11A,2025-02-04T19:24:15Z,14.04,
11A,2025-02-04T19:24:30Z,14.079999999999998,
11A,2025-02-04T19:24:45Z,14.12,
11A,2025-02-04T19:25:00Z,14.12,
11A,2025-02-04T19:25:15Z,13.06,
11A,2025-02-04T19:25:30Z,13.0,
11A,2025-02-04T19:25:45Z,13.010000000000002,
11A,2025-02-04T19:26:00Z,13.05,
11A,2025-02-04T19:26:15Z,13.13,
11A,2025-02-04T19:26:30Z,14.61,
11A,2025-02-04T19:26:45Z,14.58,
11A,2025-02-04T19:27:00Z,14.56,
11A,2025-02-04T19:27:15Z,14.509999999999998,
11A,2025-02-04T19:27:30Z,14.47,
11A,2025-02-04T19:27:45Z,14.48,
11A,2025-02-04T19:28:00Z,14.5,
11A,2025-02-04T19:28:15Z,15.47,
11A,2025-02-04T19:28:30Z,15.57,
11A,2025-02-04T19:28:45Z,15.52,
11A,2025-02-04T19:29:00Z,15.75,
11A,2025-02-04T19:29:15Z,15.91,
11A,2025-02-04T19:29:30Z,15.83,
11A,2025-02-04T19:29:45Z,15.73,
11A,2025-02-04T19:30:00Z,15.71,
11A,2025-02-04T19:30:15Z,15.75,
11A,2025-02-04T19:30:30Z,15.77,
11A,2025-02-04T19:30:45Z,15.77,
11A,2025-02-04T19:31:00Z,15.78,
11A,2025-02-04T19:31:15Z,15.82,
11A,2025-02-04T19:31:30Z,15.170000000000002,
11A,2025-02-04T19:31:45Z,15.21,
11A,2025-02-04T19:32:00Z,14.19,
11A,2025-02-04T19:32:15Z,18.39,
11A,2025-02-04T19:32:30Z,18.21,
11A,2025-02-04T19:32:45Z,18.06,
11A,2025-02-04T19:33:00Z,18.09,
11A,2025-02-04T19:33:15Z,18.03,
11A,2025-02-04T19:33:30Z,17.97,
11A,2025-02-04T19:33:45Z,17.979999999999997,
11A,2025-02-04T19:34:00Z,18.02,
11A,2025-02-04T19:34:15Z,18.04,
11A,2025-02-04T19:34:30Z,18.0,
11A,2025-02-04T19:34:45Z,17.9,
11A,2025-02-04T19:35:00Z,18.77,
11A,2025-02-04T19:35:15Z,18.97,
11A,2025-02-04T19:35:30Z,18.99,
11A,2025-02-04T19:35:45Z,18.92,
11A,2025-02-04T19:36:00Z,18.87,
11A,2025-02-04T19:36:15Z,15.07,
11A,2025-02-04T19:36:30Z,15.14,
11A,2025-02-04T19:36:45Z,15.21,
11A,2025-02-04T19:37:00Z,15.23,
11A,2025-02-04T19:37:15Z,15.16,
11A,2025-02-04T19:37:30Z,15.15,
11A,2025-02-04T19:37:45Z,15.15,
11A,2025-02-04T19:38:00Z,15.1,
11A,2025-02-04T19:38:15Z,15.04,
11A,2025-02-04T19:38:30Z,15.07,
11A,2025-02-04T19:38:45Z,14.06,
11A,2025-02-04T19:39:00Z,14.13,
11A,2025-02-04T19:39:15Z,13.97,
11A,2025-02-04T19:39:30Z,14.04,
11A,2025-02-04T19:39:45Z,14.06,
11A,2025-02-04T19:40:00Z,14.05,
11A,2025-02-04T19:40:15Z,14.1,
11A,2025-02-04T19:40:30Z,14.06,
11A,2025-02-04T19:40:45Z,14.12,
11A,2025-02-04T19:41:00Z,13.3,
11A,2025-02-04T19:41:15Z,13.42,
11A,2025-02-04T19:41:30Z,13.22,
11A,2025-02-04T19:41:45Z,13.25,
11A,2025-02-04T19:42:00Z,13.16,
11A,2025-02-04T19:42:15Z,13.16,
11A,2025-02-04T19:43:00Z,13.4,
11A,2025-02-04T19:43:15Z,13.260000000000002,
11A,2025-02-04T19:43:30Z,13.25,
11A,2025-02-04T19:43:45Z,13.21,
11A,2025-02-04T19:44:00Z,14.239999999999998,
11A,2025-02-04T19:44:15Z,14.240000000000002,
11A,2025-02-04T19:44:30Z,14.12,
11A,2025-02-04T19:44:45Z,14.27,
11A,2025-02-04T19:45:00Z,14.12,
11A,2025-02-04T19:45:15Z,18.24,
11A,2025-02-04T19:45:30Z,19.23,
11A,2025-02-04T19:45:45Z,19.22,
11A,2025-02-04T19:46:00Z,19.08,
11A,2025-02-04T19:46:15Z,18.97,
11A,2025-02-04T19:46:30Z,18.91,
11A,2025-02-04T19:46:45Z,18.8,
11A,2025-02-04T19:47:00Z,18.85,
11A,2025-02-04T19:47:15Z,18.92,
11A,2025-02-04T19:47:30Z,18.89,
11A,2025-02-04T19:47:45Z,18.91,
11A,2025-02-04T19:48:00Z,18.950000000000003,
11A,2025-02-04T19:48:15Z,18.97,
11A,2025-02-04T19:48:30Z,17.91,
11A,2025-02-04T19:48:45Z,17.93,
11A,2025-02-04T19:49:00Z,18.05,
11A,2025-02-04T19:49:15Z,18.26,
11A,2025-02-04T19:49:30Z,14.25,
11A,2025-02-04T19:49:45Z,14.21,
11A,2025-02-04T19:50:00Z,14.15,
11A,2025-02-04T19:50:15Z,14.3,
11A,2025-02-04T19:50:30Z,14.239999999999998,
11A,2025-02-04T19:50:45Z,13.239999999999998,
11A,2025-02-04T19:51:00Z,13.27,
11A,2025-02-04T19:51:15Z,13.25,
11A,2025-02-04T19:51:30Z,14.21,
11A,2025-02-04T19:51:45Z,14.28,
11A,2025-02-04T19:52:00Z,14.21,
11A,2025-02-04T19:52:15Z,14.22,
11A,2025-02-04T19:52:30Z,14.11,
11A,2025-02-04T19:52:45Z,14.25,
11A,2025-02-04T19:53:00Z,14.11,
11A,2025-02-04T19:53:15Z,14.28,
11A,2025-02-04T19:53:30Z,14.28,
11A,2025-02-04T19:53:45Z,15.75,
11A,2025-02-04T19:54:00Z,15.91,
11A,2025-02-04T19:54:15Z,15.91,
11A,2025-02-04T19:54:30Z,15.81,
11A,2025-02-04T19:54:45Z,15.86,
11A,2025-02-04T19:55:00Z,16.34,
11A,2025-02-04T19:55:15Z,16.310000000000002,
11A,2025-02-04T19:55:30Z,16.22,
11A,2025-02-04T19:55:45Z,16.18,
11A,2025-02-04T19:56:00Z,16.2,
11A,2025-02-04T19:56:15Z,16.25,
11A,2025-02-04T19:56:30Z,16.1,
11A,2025-02-04T19:56:45Z,15.85,
11A,2025-02-04T19:57:00Z,15.7,
11A,2025-02-04T19:57:15Z,15.82,
11A,2025-02-04T19:57:30Z,15.77,
11A,2025-02-04T19:57:45Z,15.78,
11A,2025-02-04T19:58:00Z,15.88,
11A,2025-02-04T19:58:15Z,15.8,
11A,2025-02-04T19:58:30Z,19.35,
11A,2025-02-04T19:58:45Z,19.41,
11A,2025-02-04T19:59:00Z,19.25,
11A,2025-02-04T19:59:15Z,19.1,
11A,2025-02-04T19:59:30Z,18.04,
11A,2025-02-04T19:59:45Z,17.95,
11A,2025-02-04T20:00:00Z,17.91,
11A,2025-02-04T20:00:15Z,17.99,
11A,2025-02-04T20:00:30Z,17.98,
11A,2025-02-04T20:00:45Z,18.01,
11A,2025-02-04T20:01:00Z,17.990000000000002,
11A,2025-02-04T20:01:15Z,18.3,
11A,2025-02-04T20:01:30Z,18.22,
11A,2025-02-04T20:01:45Z,18.16,
11A,2025-02-04T20:02:00Z,17.95,
11A,2025-02-04T20:02:15Z,17.86,
11A,2025-02-04T20:02:30Z,18.89,
11A,2025-02-04T20:02:45Z,19.5,
11A,2025-02-04T20:03:00Z,15.72,
11A,2025-02-04T20:03:15Z,15.739999999999998,
11A,2025-02-04T20:03:30Z,15.69,
11A,2025-02-04T20:03:45Z,15.68,
11A,2025-02-04T20:04:00Z,15.65,
11A,2025-02-04T20:04:15Z,15.61,
11A,2025-02-04T20:04:30Z,15.010000000000002,
11A,2025-02-04T20:04:45Z,13.99,
11A,2025-02-04T20:05:00Z,14.0,
11A,2025-02-04T20:05:15Z,13.92,
11A,2025-02-04T20:05:30Z,14.0,
11A,2025-02-04T20:05:45Z,13.98,
11A,2025-02-04T20:06:00Z,13.92,
11A,2025-02-04T20:06:15Z,13.91,
11A,2025-02-04T20:06:30Z,13.93,
11A,2025-02-04T20:06:45Z,13.97,
11A,2025-02-04T20:07:00Z,13.98,
11A,2025-02-04T20:07:15Z,14.079999999999998,
11A,2025-02-04T20:07:30Z,14.02,
11A,2025-02-04T20:07:45Z,13.98,
11A,2025-02-04T20:08:00Z,13.06,
11A,2025-02-04T20:08:15Z,13.19,
11A,2025-02-04T20:08:30Z,13.43,
11A,2025-02-04T20:08:45Z,13.31,
11A,2025-02-04T20:09:00Z,13.09,
11A,2025-02-04T20:09:15Z,13.31,
11A,2025-02-04T20:09:30Z,13.39,
11A,2025-02-04T20:09:45Z,13.44,
11A,2025-02-04T20:10:00Z,13.44,
11A,2025-02-04T20:10:15Z,13.529999999999998,
11A,2025-02-04T20:10:30Z,13.4,
11A,2025-02-04T20:10:45Z,13.39,
11A,2025-02-04T20:11:00Z,14.56,
11A,2025-02-04T20:11:15Z,14.62,
11A,2025-02-04T20:11:30Z,14.6,
11A,2025-02-04T20:11:45Z,15.56,
11A,2025-02-04T20:12:00Z,19.880000000000003,
11A,2025-02-04T20:12:15Z,19.75,
11A,2025-02-04T20:12:30Z,19.64,
11A,2025-02-04T20:12:45Z,19.41,
11A,2025-02-04T20:13:00Z,19.34,
11A,2025-02-04T20:13:15Z,19.31,
11A,2025-02-04T20:13:30Z,19.42,
11A,2025-02-04T20:13:45Z,19.62,
11A,2025-02-04T20:14:00Z,19.26,
11A,2025-02-04T20:14:15Z,19.1,
11A,2025-02-04T20:14:30Z,18.98,
11A,2025-02-04T20:14:45Z,19.03,
11A,2025-02-04T20:15:00Z,19.02,
11A,2025-02-04T20:15:15Z,18.91,
11A,2025-02-04T20:15:30Z,18.97,
11A,2025-02-04T20:15:45Z,18.85,
11A,2025-02-04T20:16:00Z,14.099999999999998,
11A,2025-02-04T20:16:15Z,14.099999999999998,
11A,2025-02-04T20:16:30Z,14.05,
11A,2025-02-04T20:17:15Z,14.040000000000004,
11A,2025-02-04T20:17:30Z,14.169999999999998,
11A,2025-02-04T20:17:45Z,13.45,
11A,2025-02-04T20:18:00Z,13.56,
11A,2025-02-04T20:18:15Z,13.48,
11A,2025-02-04T20:18:30Z,13.43,
11A,2025-02-04T20:18:45Z,13.59,
11A,2025-02-04T20:19:00Z,14.62,
11A,2025-02-04T20:19:15Z,14.64,
11A,2025-02-04T20:19:30Z,14.68,
11A,2025-02-04T20:19:45Z,14.8,
11A,2025-02-04T20:20:00Z,15.169999999999998,
11A,2025-02-04T20:20:15Z,15.259999999999998,
11A,2025-02-04T20:20:30Z,15.13,
11A,2025-02-04T20:20:45Z,15.06,
11A,2025-02-04T20:21:00Z,15.23,
11A,2025-02-04T20:21:15Z,15.23,
11A,2025-02-04T20:21:30Z,15.239999999999998,
11A,2025-02-04T20:21:45Z,15.22,
11A,2025-02-04T20:22:00Z,15.22,
11A,2025-02-04T20:22:15Z,15.78,
11A,2025-02-04T20:22:30Z,15.78,
11A,2025-02-04T20:22:45Z,15.82,
11A,2025-02-04T20:23:00Z,15.79,
11A,2025-02-04T20:23:15Z,15.75,
11A,2025-02-04T20:23:30Z,15.8,
11A,2025-02-04T20:23:45Z,15.77,
11A,2025-02-04T20:24:00Z,15.74,
11A,2025-02-04T20:24:15Z,15.060000000000002,
11A,2025-02-04T20:24:30Z,15.09,
11A,2025-02-04T20:24:45Z,15.2,
11A,2025-02-04T20:25:00Z,14.6,
11A,2025-02-04T20:25:15Z,18.77,
11A,2025-02-04T20:25:30Z,17.57,
11A,2025-02-04T20:25:45Z,17.41,
11A,2025-02-04T20:26:00Z,17.43,
11A,2025-02-04T20:26:15Z,17.32,
11A,2025-02-04T20:26:30Z,17.16,
11A,2025-02-04T20:26:45Z,17.23,
11A,2025-02-04T20:27:00Z,17.38,
11A,2025-02-04T20:27:15Z,18.71,
11A,2025-02-04T20:27:30Z,18.7,
11A,2025-02-04T20:27:45Z,18.62,
11A,2025-02-04T20:28:00Z,18.53,
11A,2025-02-04T20:28:15Z,18.41,
11A,2025-02-04T20:28:30Z,18.37,
11A,2025-02-04T20:28:45Z,18.380000000000003,
11A,2025-02-04T20:29:00Z,18.41,
11A,2025-02-04T20:29:15Z,18.28,
11A,2025-02-04T20:29:30Z,14.09,
11A,2025-02-04T20:29:45Z,14.11,
11A,2025-02-04T20:30:00Z,14.080000000000002,
11A,2025-02-04T20:30:15Z,14.12,
11A,2025-02-04T20:30:30Z,14.05,
11A,2025-02-04T20:30:45Z,14.11,
11A,2025-02-04T20:31:00Z,14.0,
11A,2025-02-04T20:31:15Z,14.16,
11A,2025-02-04T20:31:30Z,14.19,
11A,2025-02-04T20:31:45Z,14.170000000000002,
11A,2025-02-04T20:32:00Z,13.090000000000002,
11A,2025-02-04T20:32:15Z,14.31,
11A,2025-02-04T20:32:30Z,14.4,
11A,2025-02-04T20:32:45Z,14.33,
11A,2025-02-04T20:33:00Z,14.12,
11A,2025-02-04T20:33:15Z,14.08,
11A,2025-02-04T20:33:30Z,14.04,
11A,2025-02-04T20:33:45Z,14.12,
11A,2025-02-04T20:34:00Z,14.18,
11A,2025-02-04T20:34:15Z,14.2,
11A,2025-02-04T20:34:30Z,14.15,
11A,2025-02-04T20:34:45Z,14.239999999999998,
11A,2025-02-04T20:35:00Z,15.29,
11A,2025-02-04T20:35:15Z,14.43,
11A,2025-02-04T20:35:30Z,14.5,
11A,2025-02-04T20:35:45Z,14.52,
11A,2025-02-04T20:36:00Z,14.3,
11A,2025-02-04T20:36:15Z,14.38,
11A,2025-02-04T20:36:30Z,14.33,
11A,2025-02-04T20:36:45Z,14.28,
11A,2025-02-04T20:37:00Z,14.32,
11A,2025-02-04T20:37:15Z,14.420000000000002,
11A,2025-02-04T20:37:30Z,14.2,
11A,2025-02-04T20:37:45Z,13.97,
11A,2025-02-04T20:38:00Z,14.03,
11A,2025-02-04T20:38:15Z,14.07,
11A,2025-02-04T20:38:30Z,18.82,
11A,2025-02-04T20:38:45Z,19.1,
11A,2025-02-04T20:39:00Z,19.03,
11A,2025-02-04T20:39:15Z,19.04,
11A,2025-02-04T20:39:30Z,18.89,
11A,2025-02-04T20:39:45Z,17.740000000000002,
11A,2025-02-04T20:40:00Z,17.790000000000003,
11A,2025-02-04T20:40:15Z,17.77,
11A,2025-02-04T20:40:30Z,17.8,
11A,2025-02-04T20:40:45Z,17.78,
11A,2025-02-04T20:41:00Z,17.61,
11A,2025-02-04T20:41:15Z,17.66,
11A,2025-02-04T20:41:30Z,17.75,
11A,2025-02-04T20:41:45Z,17.72,
11A,2025-02-04T20:42:00Z,17.75,
11A,2025-02-04T20:42:15Z,17.7,
11A,2025-02-04T20:42:30Z,13.9,
11A,2025-02-04T20:42:45Z,15.080000000000002,
11A,2025-02-04T20:43:00Z,15.09,
11A,2025-02-04T20:43:15Z,15.010000000000002,
11A,2025-02-04T20:43:30Z,15.41,
11A,2025-02-04T20:43:45Z,15.349999999999998,
11A,2025-02-04T20:44:00Z,15.330000000000002,
11A,2025-02-04T20:44:15Z,15.37,
11A,2025-02-04T20:44:30Z,15.37,
11A,2025-02-04T20:44:45Z,15.39,
11A,2025-02-04T20:45:00Z,14.919999999999998,
11A,2025-02-04T20:45:15Z,14.8,
11A,2025-02-04T20:45:30Z,15.19,
11A,2025-02-04T20:45:45Z,15.05,
11A,2025-02-04T20:46:00Z,15.2,
11A,2025-02-04T20:46:15Z,15.12,
11A,2025-02-04T20:46:30Z,15.1,
11A,2025-02-04T20:46:45Z,14.95,
11A,2025-02-04T20:47:00Z,15.5,
11A,2025-02-04T20:47:15Z,15.489999999999998,
11A,2025-02-04T20:47:30Z,14.6,
11A,2025-02-04T20:47:45Z,14.54,
11A,2025-02-04T20:48:00Z,14.439999999999998,
11A,2025-02-04T20:48:15Z,14.54,
11A,2025-02-04T20:48:30Z,13.84,
11A,2025-02-04T20:48:45Z,14.42,
11A,2025-02-04T20:49:00Z,14.45,
11A,2025-02-04T20:49:15Z,14.47,
11A,2025-02-04T20:49:30Z,14.41,
11A,2025-02-04T20:49:45Z,14.47,
11A,2025-02-04T20:50:00Z,14.56,
11A,2025-02-04T20:50:15Z,14.53,
11A,2025-02-04T20:50:30Z,14.670000000000002,
11A,2025-02-04T20:50:45Z,14.849999999999998,
11A,2025-02-04T20:51:00Z,14.86,
11A,2025-02-04T20:51:15Z,14.8,
11A,2025-02-04T20:51:30Z,18.23,
11A,2025-02-04T20:51:45Z,19.15,
11A,2025-02-04T20:52:00Z,17.189999999999998,
11A,2025-02-04T20:52:15Z,17.11,
11A,2025-02-04T20:52:30Z,17.7,
11A,2025-02-04T20:52:45Z,17.68,
11A,2025-02-04T20:53:00Z,17.7,
11A,2025-02-04T20:53:15Z,17.77,
11A,2025-02-04T20:53:30Z,17.8,
11A,2025-02-04T20:53:45Z,17.869999999999997,
11A,2025-02-04T20:54:00Z,17.83,
11A,2025-02-04T20:54:15Z,17.79,
11A,2025-02-04T20:54:30Z,17.740000000000002,
11A,2025-02-04T20:54:45Z,17.880000000000003,
11A,2025-02-04T20:55:00Z,18.08,
11A,2025-02-04T20:55:15Z,18.02,
11A,2025-02-04T20:55:30Z,17.880000000000003,
11A,2025-02-04T20:55:45Z,14.150000000000002,
11A,2025-02-04T20:56:00Z,14.12,
11A,2025-02-04T20:56:15Z,13.22,
11A,2025-02-04T20:56:30Z,13.21,
11A,2025-02-04T20:56:45Z,13.29,
11A,2025-02-04T20:57:00Z,13.19,
11A,2025-02-04T20:57:15Z,13.12,
11A,2025-02-04T20:57:30Z,13.079999999999998,
11A,2025-02-04T20:57:45Z,13.12,
11A,2025-02-04T20:58:00Z,13.14,
11A,2025-02-04T20:58:15Z,13.13,
11A,2025-02-04T20:58:30Z,13.95,
11A,2025-02-04T20:58:45Z,14.14,
11A,2025-02-04T20:59:00Z,14.13,
11A,2025-02-04T20:59:15Z,15.02,
11A,2025-02-04T20:59:30Z,15.099999999999998,
11A,2025-02-04T20:59:45Z,15.14,
11A,2025-02-04T21:00:00Z,15.07,
11A,2025-02-04T21:00:15Z,15.220000000000002,
11A,2025-02-04T21:00:30Z,15.07,
11A,2025-02-04T21:00:45Z,15.15,
11A,2025-02-04T21:01:00Z,15.14,
11A,2025-02-04T21:01:15Z,15.150000000000002,
11A,2025-02-04T21:01:30Z,15.21,
11A,2025-02-04T21:01:45Z,15.09,
11A,2025-02-04T21:02:00Z,15.099999999999998,
11A,2025-02-04T21:02:15Z,15.07,
11A,2025-02-04T21:02:30Z,15.06,
11A,2025-02-04T21:02:45Z,15.060000000000002,
11A,2025-02-04T21:03:00Z,15.0,
11A,2025-02-04T21:03:15Z,15.09,
11A,2025-02-04T21:03:30Z,15.02,
11A,2025-02-04T21:03:45Z,15.06,
11A,2025-02-04T21:04:00Z,14.2,
11A,2025-02-04T21:04:15Z,14.17,
11A,2025-02-04T21:04:30Z,14.06,
11A,2025-02-04T21:04:45Z,21.55,
11A,2025-02-04T21:05:00Z,18.25,
11A,2025-02-04T21:05:15Z,18.03,
11A,2025-02-04T21:05:30Z,17.89,
11A,2025-02-04T21:05:45Z,17.990000000000002,
11A,2025-02-04T21:06:00Z,17.83,
11A,2025-02-04T21:06:15Z,18.26,
11A,2025-02-04T21:06:30Z,18.16,
11A,2025-02-04T21:06:45Z,18.130000000000003,
11A,2025-02-04T21:07:00Z,19.17,
11A,2025-02-04T21:07:15Z,19.17,
11A,2025-02-04T21:07:30Z,19.020000000000003,
11A,2025-02-04T21:07:45Z,19.09,
11A,2025-02-04T21:08:00Z,19.02,
11A,2025-02-04T21:08:15Z,18.93,
11A,2025-02-04T21:08:30Z,18.92,
11A,2025-02-04T21:08:45Z,18.82,
11A,2025-02-04T21:09:00Z,15.07,
11A,2025-02-04T21:09:15Z,15.13,
11A,2025-02-04T21:09:30Z,15.099999999999998,
11A,2025-02-04T21:09:45Z,15.21,
11A,2025-02-04T21:10:00Z,15.099999999999998,
11A,2025-02-04T21:10:15Z,15.07,
11A,2025-02-04T21:10:30Z,15.07,
11A,2025-02-04T21:10:45Z,15.1,
11A,2025-02-04T21:11:00Z,15.11,
11A,2025-02-04T21:11:15Z,15.17,
11A,2025-02-04T21:11:30Z,15.13,
11A,2025-02-04T21:11:45Z,15.12,
11A,2025-02-04T21:12:00Z,15.08,
11A,2025-02-04T21:12:15Z,14.15,
11A,2025-02-04T21:12:30Z,14.21,
11A,2025-02-04T21:12:45Z,14.24,
11A,2025-02-04T21:13:00Z,14.2,
11A,2025-02-04T21:13:15Z,14.72,
11A,2025-02-04T21:13:30Z,14.68,
11A,2025-02-04T21:13:45Z,14.86,
11A,2025-02-04T21:14:00Z,14.73,
11A,2025-02-04T21:14:15Z,14.65,
11A,2025-02-04T21:14:30Z,14.66,
11A,2025-02-04T21:14:45Z,14.59,
11A,2025-02-04T21:15:00Z,14.67,
11A,2025-02-04T21:15:15Z,15.7,
11A,2025-02-04T21:15:30Z,15.64,
11A,2025-02-04T21:15:45Z,15.740000000000002,
11A,2025-02-04T21:16:00Z,15.65,
11A,2025-02-04T21:16:15Z,15.580000000000002,
11A,2025-02-04T21:16:30Z,15.580000000000002,
11A,2025-02-04T21:16:45Z,15.59,
11A,2025-02-04T21:17:00Z,15.57,
11A,2025-02-04T21:17:15Z,15.57,
11A,2025-02-04T21:17:30Z,15.48,
11A,2025-02-04T21:17:45Z,15.48,
11A,2025-02-04T21:18:00Z,19.68,
11A,2025-02-04T21:18:15Z,18.98,
11A,2025-02-04T21:18:30Z,18.87,
11A,2025-02-04T21:18:45Z,18.85,
11A,2025-02-04T21:19:00Z,18.78,
11A,2025-02-04T21:19:15Z,18.69,
11A,2025-02-04T21:19:30Z,18.71,
11A,2025-02-04T21:19:45Z,18.770000000000003,
11A,2025-02-04T21:20:00Z,18.84,
11A,2025-02-04T21:20:15Z,18.8,
11A,2025-02-04T21:20:30Z,17.78,
11A,2025-02-04T21:20:45Z,17.81,
11A,2025-02-04T21:21:00Z,17.78,
11A,2025-02-04T21:21:15Z,17.79,
11A,2025-02-04T21:21:30Z,17.43,
11A,2025-02-04T21:21:45Z,16.54,
11A,2025-02-04T21:22:00Z,12.78,
11A,2025-02-04T21:22:15Z,12.84,
11A,2025-02-04T21:22:30Z,12.71,
11A,2025-02-04T21:22:45Z,12.0,
11A,2025-02-04T21:23:00Z,12.01,
11A,2025-02-04T21:23:15Z,11.989999999999998,
11A,2025-02-04T21:23:30Z,11.989999999999998,
11A,2025-02-04T21:23:45Z,12.02,
11A,2025-02-04T21:24:00Z,12.02,
11A,2025-02-04T21:24:15Z,12.06,
11A,2025-02-04T21:24:30Z,12.05,
11A,2025-02-04T21:24:45Z,13.09,
11A,2025-02-04T21:25:00Z,13.3,
11A,2025-02-04T21:25:15Z,13.29,
11A,2025-02-04T21:25:30Z,13.14,
11A,2025-02-04T21:25:45Z,13.09,
11A,2025-02-04T21:26:00Z,13.1,
11A,2025-02-04T21:26:15Z,13.03,
11A,2025-02-04T21:26:30Z,13.93,
11A,2025-02-04T21:26:45Z,14.1,
11A,2025-02-04T21:27:00Z,14.07,
11A,2025-02-04T21:27:15Z,13.87,
11A,2025-02-04T21:27:30Z,13.9,
11A,2025-02-04T21:27:45Z,13.85,
11A,2025-02-04T21:28:00Z,13.84,
11A,2025-02-04T21:28:15Z,13.86,
11A,2025-02-04T21:28:30Z,13.89,
11A,2025-02-04T21:28:45Z,13.83,
11A,2025-02-04T21:29:00Z,13.77,
11A,2025-02-04T21:29:15Z,14.85,
11A,2025-02-04T21:29:30Z,15.0,
11A,2025-02-04T21:29:45Z,14.0,
11A,2025-02-04T21:30:00Z,13.98,
11A,2025-02-04T21:30:15Z,13.93,
11A,2025-02-04T21:30:30Z,13.909999999999998,
11A,2025-02-04T21:30:45Z,14.43,
11A,2025-02-04T21:31:00Z,18.61,
11A,2025-02-04T21:31:15Z,18.41,
11A,2025-02-04T21:31:30Z,18.22,
11A,2025-02-04T21:31:45Z,18.32,
11A,2025-02-04T21:32:00Z,18.31,
11A,2025-02-04T21:32:15Z,16.77,
11A,2025-02-04T21:32:30Z,16.72,
11A,2025-02-04T21:32:45Z,17.82,
11A,2025-02-04T21:33:00Z,17.87,
11A,2025-02-04T21:33:15Z,17.770000000000003,
11A,2025-02-04T21:33:30Z,17.84,
11A,2025-02-04T21:33:45Z,17.91,
11A,2025-02-04T21:34:00Z,17.92,
11A,2025-02-04T21:34:15Z,17.78,
11A,2025-02-04T21:34:30Z,18.32,
11A,2025-02-04T21:34:45Z,18.31,
11A,2025-02-04T21:35:00Z,14.48,
11A,2025-02-04T21:35:15Z,14.330000000000002,
11A,2025-02-04T21:35:30Z,15.31,
11A,2025-02-04T21:35:45Z,15.39,
11A,2025-02-04T21:36:00Z,14.9,
11A,2025-02-04T21:36:15Z,14.8,
11A,2025-02-04T21:36:30Z,14.810000000000002,
11A,2025-02-04T21:36:45Z,14.9,
11A,2025-02-04T21:37:00Z,14.91,
11A,2025-02-04T21:37:15Z,15.05,
11A,2025-02-04T21:37:30Z,15.010000000000002,
11A,2025-02-04T21:37:45Z,14.87,
11A,2025-02-04T21:38:00Z,13.920000000000002,
11A,2025-02-04T21:38:15Z,13.87,
11A,2025-02-04T21:38:30Z,13.700000000000005,
11A,2025-02-04T21:38:45Z,13.78,
11A,2025-02-04T21:39:00Z,13.829999999999998,
11A,2025-02-04T21:39:15Z,13.67,
11A,2025-02-04T21:39:30Z,13.62,
11A,2025-02-04T21:39:45Z,13.71,
11A,2025-02-04T21:40:00Z,13.6,
11A,2025-02-04T21:40:15Z,14.25,
11A,2025-02-04T21:40:30Z,14.1,
11A,2025-02-04T21:40:45Z,14.19,
11A,2025-02-04T21:41:00Z,15.27,
11A,2025-02-04T21:41:15Z,15.31,
11A,2025-02-04T21:41:30Z,15.23,
11A,2025-02-04T21:41:45Z,15.29,
11A,2025-02-04T21:42:00Z,15.2,
11A,2025-02-04T21:42:15Z,15.16,
11A,2025-02-04T21:42:30Z,15.18,
11A,2025-02-04T21:42:45Z,15.240000000000002,
11A,2025-02-04T21:43:00Z,15.08,
11A,2025-02-04T21:43:15Z,15.18,
11A,2025-02-04T21:43:30Z,15.06,
11A,2025-02-04T21:43:45Z,18.63,
11A,2025-02-04T21:44:00Z,19.26,
11A,2025-02-04T21:44:15Z,19.15,
11A,2025-02-04T21:44:30Z,19.11,
11A,2025-02-04T21:44:45Z,19.08,
11A,2025-02-04T21:45:00Z,18.96,
11A,2025-02-04T21:45:15Z,18.43,
11A,2025-02-04T21:45:30Z,18.5,
11A,2025-02-04T21:45:45Z,18.53,
11A,2025-02-04T21:46:00Z,18.450000000000003,
11A,2025-02-04T21:46:15Z,17.43,
11A,2025-02-04T21:46:30Z,17.41,
11A,2025-02-04T21:46:45Z,16.41,
11A,2025-02-04T21:47:00Z,16.43,
11A,2025-02-04T21:47:15Z,16.42,
11A,2025-02-04T21:47:30Z,16.41,
11A,2025-02-04T21:47:45Z,16.310000000000002,
11A,2025-02-04T21:48:00Z,16.34,
11A,2025-02-04T21:48:15Z,12.56,
11A,2025-02-04T21:48:30Z,12.57,
11A,2025-02-04T21:48:45Z,12.58,
11A,2025-02-04T21:49:00Z,12.8,
11A,2025-02-04T21:49:15Z,13.670000000000002,
11A,2025-02-04T21:49:30Z,13.77,
11A,2025-02-04T21:49:45Z,13.7,
11A,2025-02-04T21:50:00Z,13.64,
11A,2025-02-04T21:50:15Z,13.64,
11A,2025-02-04T21:50:30Z,13.579999999999998,
11A,2025-02-04T21:50:45Z,13.58,
11A,2025-02-04T21:51:00Z,13.57,
11A,2025-02-04T21:51:15Z,13.580000000000002,
11A,2025-02-04T21:51:30Z,13.59,
11A,2025-02-04T21:51:45Z,13.59,
11A,2025-02-04T21:52:00Z,14.57,
11A,2025-02-04T21:52:15Z,14.760000000000002,
11A,2025-02-04T21:52:30Z,14.670000000000002,
11A,2025-02-04T21:52:45Z,14.55,
11A,2025-02-04T21:53:00Z,14.580000000000002,
11A,2025-02-04T21:53:15Z,14.579999999999998,
11A,2025-02-04T21:53:30Z,14.49,
11A,2025-02-04T21:53:45Z,14.6,
11A,2025-02-04T21:54:00Z,14.82,
11A,2025-02-04T21:54:15Z,14.79,
11A,2025-02-04T21:54:30Z,13.920000000000002,
11A,2025-02-04T21:54:45Z,13.919999999999998,
11A,2025-02-04T21:55:00Z,13.89,
11A,2025-02-04T21:55:15Z,13.89,
11A,2025-02-04T21:55:30Z,13.87,
11A,2025-02-04T21:55:45Z,13.919999999999998,
11A,2025-02-04T21:56:00Z,13.88,
11A,2025-02-04T21:56:15Z,13.88,
11A,2025-02-04T21:56:30Z,14.46,
11A,2025-02-04T21:56:45Z,14.04,
11A,2025-02-04T21:57:00Z,14.01,
11A,2025-02-04T21:57:15Z,18.13,
11A,2025-02-04T21:57:30Z,19.15,
11A,2025-02-04T21:57:45Z,19.01,
11A,2025-02-04T21:58:00Z,18.91,
11A,2025-02-04T21:58:15Z,18.12,
11A,2025-02-04T21:58:30Z,17.95,
11A,2025-02-04T21:58:45Z,18.0,
11A,2025-02-04T21:59:00Z,18.01,
11A,2025-02-04T21:59:15Z,18.04,
11A,2025-02-04T21:59:30Z,18.13,
11A,2025-02-04T21:59:45Z,18.009999999999998,
11A,2025-02-04T22:00:00Z,18.31,
11A,2025-02-04T22:00:15Z,18.31,
11A,2025-02-04T22:00:30Z,18.34,
11A,2025-02-04T22:00:45Z,18.33,
11A,2025-02-04T22:01:00Z,18.38,
11A,2025-02-04T22:01:15Z,18.39,
11A,2025-02-04T22:01:30Z,14.630000000000004,
11A,2025-02-04T22:01:45Z,14.95,
11A,2025-02-04T22:02:00Z,14.79,
11A,2025-02-04T22:02:15Z,14.76,
11A,2025-02-04T22:02:30Z,14.689999999999998,
11A,2025-02-04T22:02:45Z,15.239999999999998,
11A,2025-02-04T22:03:00Z,15.31,
11A,2025-02-04T22:03:15Z,15.279999999999998,
11A,2025-02-04T22:03:30Z,14.22,
11A,2025-02-04T22:03:45Z,14.16,
11A,2025-02-04T22:04:00Z,13.349999999999998,
11A,2025-02-04T22:04:15Z,13.33,
11A,2025-02-04T22:04:30Z,13.249999999999998,
11A,2025-02-04T22:04:45Z,13.34,
11A,2025-02-04T22:05:00Z,13.36,
11A,2025-02-04T22:05:15Z,13.3,
11A,2025-02-04T22:05:30Z,13.31,
11A,2025-02-04T22:05:45Z,13.39,
11A,2025-02-04T22:06:00Z,13.42,
11A,2025-02-04T22:06:15Z,13.56,
11A,2025-02-04T22:06:30Z,13.55,
11A,2025-02-04T22:06:45Z,13.55,
11A,2025-02-04T22:07:00Z,14.6,
11A,2025-02-04T22:07:15Z,14.7,
11A,2025-02-04T22:07:30Z,14.62,
11A,2025-02-04T22:07:45Z,15.09,
11A,2025-02-04T22:08:00Z,14.98,
11A,2025-02-04T22:08:15Z,14.81,
11A,2025-02-04T22:08:30Z,14.82,
11A,2025-02-04T22:08:45Z,15.73,
11A,2025-02-04T22:09:00Z,16.15,
11A,2025-02-04T22:09:15Z,16.209999999999997,
11A,2025-02-04T22:09:30Z,16.1,
11A,2025-02-04T22:09:45Z,16.130000000000003,
11A,2025-02-04T22:10:00Z,16.07,
11A,2025-02-04T22:10:15Z,16.08,
11A,2025-02-04T22:10:30Z,20.25,
11A,2025-02-04T22:10:45Z,20.16,
11A,2025-02-04T22:11:00Z,19.97,
11A,2025-02-04T22:11:15Z,19.93,
11A,2025-02-04T22:11:30Z,18.99,
11A,2025-02-04T22:11:45Z,17.91,
11A,2025-02-04T22:12:00Z,17.91,
11A,2025-02-04T22:12:15Z,17.9,
11A,2025-02-04T22:12:30Z,17.45,
11A,2025-02-04T22:12:45Z,17.73,
11A,2025-02-04T22:13:00Z,17.630000000000003,
11A,2025-02-04T22:13:15Z,17.62,
11A,2025-02-04T22:13:30Z,17.58,
11A,2025-02-04T22:13:45Z,17.54,
11A,2025-02-04T22:14:00Z,17.11,
11A,2025-02-04T22:14:15Z,17.11,
11A,2025-02-04T22:14:30Z,18.04,
11A,2025-02-04T22:14:45Z,14.37,
11A,2025-02-04T22:15:00Z,14.329999999999998,
11A,2025-02-04T22:15:15Z,14.329999999999998,
11A,2025-02-04T22:15:30Z,15.36,
11A,2025-02-04T22:15:45Z,15.52,
11A,2025-02-04T22:16:00Z,15.38,
11A,2025-02-04T22:16:15Z,15.32,
11A,2025-02-04T22:16:30Z,15.28,
11A,2025-02-04T22:16:45Z,15.25,
11A,2025-02-04T22:17:00Z,15.24,
11A,2025-02-04T22:17:15Z,15.28,
11A,2025-02-04T22:17:30Z,15.26,
11A,2025-02-04T22:17:45Z,15.3,
11A,2025-02-04T22:18:00Z,15.37,
11A,2025-02-04T22:18:15Z,15.400000000000002,
11A,2025-02-04T22:18:30Z,15.39,
11A,2025-02-04T22:18:45Z,16.46,
11A,2025-02-04T22:19:00Z,16.48,
11A,2025-02-04T22:19:15Z,16.439999999999998,
11A,2025-02-04T22:19:30Z,16.39,
11A,2025-02-04T22:19:45Z,15.43,
11A,2025-02-04T22:20:00Z,15.1,
11A,2025-02-04T22:20:15Z,13.990000000000002,
11A,2025-02-04T22:20:30Z,14.010000000000002,
11A,2025-02-04T22:20:45Z,13.54,
11A,2025-02-04T22:21:00Z,13.52,
11A,2025-02-04T22:21:15Z,13.47,
11A,2025-02-04T22:21:30Z,13.45,
11A,2025-02-04T22:21:45Z,13.44,
11A,2025-02-04T22:22:00Z,13.39,
11A,2025-02-04T22:22:15Z,13.369999999999996,
11A,2025-02-04T22:22:30Z,13.420000000000002,
11A,2025-02-04T22:22:45Z,14.369999999999996,
11A,2025-02-04T22:23:00Z,14.45,
11A,2025-02-04T22:23:15Z,14.38,
11A,2025-02-04T22:23:30Z,14.35,
11A,2025-02-04T22:23:45Z,19.380000000000003,
11A,2025-02-04T22:24:00Z,19.61,
11A,2025-02-04T22:24:15Z,19.26,
11A,2025-02-04T22:24:30Z,19.09,
11A,2025-02-04T22:24:45Z,19.04,
11A,2025-02-04T22:25:00Z,18.91,
11A,2025-02-04T22:25:15Z,18.74,
11A,2025-02-04T22:25:30Z,18.54,
11A,2025-02-04T22:25:45Z,18.540000000000003,
11A,2025-02-04T22:26:00Z,18.49,
11A,2025-02-04T22:26:15Z,18.49,
11A,2025-02-04T22:26:30Z,18.49,
11A,2025-02-04T22:26:45Z,18.48,
11A,2025-02-04T22:27:00Z,18.39,
11A,2025-02-04T22:27:15Z,18.4,
11A,2025-02-04T22:27:30Z,17.35,
11A,2025-02-04T22:27:45Z,17.25,
11A,2025-02-04T22:28:00Z,13.52,
11A,2025-02-04T22:28:15Z,13.52,
11A,2025-02-04T22:28:30Z,13.48,
11A,2025-02-04T22:28:45Z,13.5,
11A,2025-02-04T22:29:00Z,13.5,
11A,2025-02-04T22:29:15Z,13.53,
11A,2025-02-04T22:29:30Z,13.56,
11A,2025-02-04T22:29:45Z,13.51,
11A,2025-02-04T22:30:00Z,13.56,
11A,2025-02-04T22:30:15Z,13.54,
11A,2025-02-04T22:30:30Z,14.55,
11A,2025-02-04T22:30:45Z,14.62,
11A,2025-02-04T22:31:00Z,14.53,
11A,2025-02-04T22:31:15Z,14.579999999999998,
11A,2025-02-04T22:31:30Z,14.57,
11A,2025-02-04T22:31:45Z,13.78,
11A,2025-02-04T22:32:00Z,13.77,
11A,2025-02-04T22:32:15Z,13.78,
11A,2025-02-04T22:32:30Z,13.79,
11A,2025-02-04T22:32:45Z,13.75,
11A,2025-02-04T22:33:00Z,13.920000000000002,
11A,2025-02-04T22:33:15Z,13.93,
11A,2025-02-04T22:33:30Z,14.48,
11A,2025-02-04T22:33:45Z,14.55,
11A,2025-02-04T22:34:00Z,14.510000000000002,
11A,2025-02-04T22:34:15Z,14.54,
11A,2025-02-04T22:34:30Z,14.5,
11A,2025-02-04T22:34:45Z,14.46,
11A,2025-02-04T22:35:00Z,14.500000000000002,
11A,2025-02-04T22:35:15Z,14.59,
11A,2025-02-04T22:35:30Z,13.76,
11A,2025-02-04T22:35:45Z,14.420000000000002,
11A,2025-02-04T22:36:00Z,14.35,
11A,2025-02-04T22:36:15Z,14.38,
11A,2025-02-04T22:36:30Z,14.39,
11A,2025-02-04T22:36:45Z,14.43,
11A,2025-02-04T22:37:00Z,18.59,
11A,2025-02-04T22:37:15Z,18.380000000000003,
11A,2025-02-04T22:37:30Z,18.19,
11A,2025-02-04T22:37:45Z,18.1,
11A,2025-02-04T22:38:00Z,18.13,
11A,2025-02-04T22:38:15Z,17.54,
11A,2025-02-04T22:38:30Z,18.47,
11A,2025-02-04T22:38:45Z,18.63,
11A,2025-02-04T22:39:00Z,18.65,
11A,2025-02-04T22:39:15Z,17.549999999999997,
11A,2025-02-04T22:39:30Z,17.47,
11A,2025-02-04T22:39:45Z,17.46,
11A,2025-02-04T22:40:00Z,17.439999999999998,
11A,2025-02-04T22:40:15Z,17.44,
11A,2025-02-04T22:40:30Z,17.44,
11A,2025-02-04T22:40:45Z,17.44,
11A,2025-02-04T22:41:00Z,17.45,
11A,2025-02-04T22:41:15Z,13.76,
11A,2025-02-04T22:41:30Z,13.74,
11A,2025-02-04T22:41:45Z,13.79,
11A,2025-02-04T22:42:00Z,13.74,
11A,2025-02-04T22:42:15Z,14.31,
11A,2025-02-04T22:42:30Z,13.77,
11A,2025-02-04T22:42:45Z,13.78,
11A,2025-02-04T22:43:00Z,13.78,
11A,2025-02-04T22:43:15Z,12.8,
11A,2025-02-04T22:43:30Z,12.77,
11A,2025-02-04T22:43:45Z,12.76,
11A,2025-02-04T22:44:00Z,12.77,
11A,2025-02-04T22:44:15Z,12.77,
11A,2025-02-04T22:44:30Z,12.75,
11A,2025-02-04T22:44:45Z,12.72,
11A,2025-02-04T22:45:00Z,12.8,
11A,2025-02-04T22:45:15Z,12.88,
11A,2025-02-04T22:45:30Z,12.82,
11A,2025-02-04T22:45:45Z,12.84,
11A,2025-02-04T22:46:00Z,13.71,
11A,2025-02-04T22:46:15Z,15.0,
11A,2025-02-04T22:46:30Z,15.23,
11A,2025-02-04T22:46:45Z,15.170000000000002,
11A,2025-02-04T22:47:00Z,15.05,
11A,2025-02-04T22:47:15Z,14.93,
11A,2025-02-04T22:47:30Z,14.81,
11A,2025-02-04T22:47:45Z,14.8,
11A,2025-02-04T22:48:00Z,14.990000000000002,
11A,2025-02-04T22:48:15Z,14.98,
11A,2025-02-04T22:48:30Z,14.989999999999998,
11A,2025-02-04T22:48:45Z,15.03,
11A,2025-02-04T22:49:00Z,15.03,
11A,2025-02-04T22:49:15Z,14.98,
11A,2025-02-04T22:49:30Z,15.05,
11A,2025-02-04T22:49:45Z,15.05,
11A,2025-02-04T22:50:00Z,22.07,
11A,2025-02-04T22:50:15Z,19.28,
11A,2025-02-04T22:50:30Z,18.05,
11A,2025-02-04T22:50:45Z,17.990000000000002,
11A,2025-02-04T22:51:00Z,17.900000000000002,
11A,2025-02-04T22:51:15Z,17.73,
11A,2025-02-04T22:51:30Z,17.7,
11A,2025-02-04T22:51:45Z,17.759999999999998,
11A,2025-02-04T22:52:00Z,17.77,
11A,2025-02-04T22:52:15Z,17.77,
11A,2025-02-04T22:52:30Z,17.78,
11A,2025-02-04T22:52:45Z,17.84,
11A,2025-02-04T22:53:00Z,17.880000000000003,
11A,2025-02-04T22:53:15Z,17.86,
11A,2025-02-04T22:53:30Z,18.86,
11A,2025-02-04T22:53:45Z,18.950000000000003,
11A,2025-02-04T22:54:00Z,18.85,
11A,2025-02-04T22:54:15Z,15.04,
11A,2025-02-04T22:54:30Z,15.0,
11A,2025-02-04T22:54:45Z,14.99,
11A,2025-02-04T22:55:00Z,15.04,
11A,2025-02-04T22:55:15Z,15.02,
11A,2025-02-04T22:55:30Z,14.96,
11A,2025-02-04T22:55:45Z,14.98,
11A,2025-02-04T22:56:00Z,15.05,
11A,2025-02-04T22:56:15Z,15.01,
11A,2025-02-04T22:56:30Z,15.07,
11A,2025-02-04T22:56:45Z,15.07,
11A,2025-02-04T22:57:00Z,15.05,
11A,2025-02-04T22:57:15Z,15.04,
11A,2025-02-04T22:57:30Z,15.03,
11A,2025-02-04T22:57:45Z,15.04,
11A,2025-02-04T22:58:00Z,15.0,
11A,2025-02-04T22:58:15Z,15.330000000000002,
11A,2025-02-04T22:58:30Z,15.15,
11A,2025-02-04T22:58:45Z,15.16,
11A,2025-02-04T22:59:00Z,15.2,
11A,2025-02-04T22:59:15Z,15.15,
11A,2025-02-04T22:59:30Z,13.55,
11A,2025-02-04T22:59:45Z,13.37,
11A,2025-02-04T23:00:00Z,13.94,
11A,2025-02-04T23:00:15Z,13.93,
11A,2025-02-04T23:00:30Z,13.9,
11A,2025-02-04T23:00:45Z,13.88,
11A,2025-02-04T23:01:00Z,13.8,
11A,2025-02-04T23:01:15Z,13.9,
11A,2025-02-04T23:01:30Z,13.82,
11A,2025-02-04T23:01:45Z,13.85,
11A,2025-02-04T23:02:00Z,13.81,
11A,2025-02-04T23:02:15Z,13.79,
11A,2025-02-04T23:02:30Z,14.81,
11A,2025-02-04T23:03:15Z,18.95,
11A,2025-02-04T23:03:30Z,19.55,
11A,2025-02-04T23:03:45Z,19.34,
11A,2025-02-04T23:04:00Z,19.28,
11A,2025-02-04T23:04:15Z,19.28,
11A,2025-02-04T23:04:30Z,19.14,
11A,2025-02-04T23:04:45Z,18.62,
11A,2025-02-04T23:05:00Z,18.73,
11A,2025-02-04T23:05:15Z,19.16,
11A,2025-02-04T23:05:30Z,19.15,
11A,2025-02-04T23:05:45Z,19.19,
11A,2025-02-04T23:06:00Z,19.19,
11A,2025-02-04T23:06:15Z,19.17,
11A,2025-02-04T23:06:30Z,19.1,
11A,2025-02-04T23:06:45Z,18.64,
11A,2025-02-04T23:07:00Z,18.68,
11A,2025-02-04T23:07:15Z,15.5,
11A,2025-02-04T23:07:30Z,15.47,
11A,2025-02-04T23:07:45Z,15.45,
11A,2025-02-04T23:08:00Z,14.4,
11A,2025-02-04T23:08:15Z,14.37,
11A,2025-02-04T23:08:30Z,14.41,
11A,2025-02-04T23:08:45Z,14.42,
11A,2025-02-04T23:09:00Z,14.36,
11A,2025-02-04T23:09:15Z,13.93,
11A,2025-02-04T23:09:30Z,14.06,
11A,2025-02-04T23:09:45Z,14.05,
11A,2025-02-04T23:10:00Z,14.02,
11A,2025-02-04T23:10:15Z,14.009999999999998,
11A,2025-02-04T23:10:30Z,13.85,
11A,2025-02-04T23:10:45Z,13.84,
11A,2025-02-04T23:11:00Z,12.88,
11A,2025-02-04T23:11:15Z,12.900000000000002,
11A,2025-02-04T23:11:30Z,12.87,
11A,2025-02-04T23:11:45Z,12.89,
11A,2025-02-04T23:12:00Z,12.88,
11A,2025-02-04T23:12:15Z,12.85,
11A,2025-02-04T23:12:30Z,12.84,
11A,2025-02-04T23:12:45Z,12.9,
11A,2025-02-04T23:13:00Z,12.95,
11A,2025-02-04T23:13:15Z,12.93,
11A,2025-02-04T23:13:30Z,12.84,
11A,2025-02-04T23:13:45Z,12.830000000000002,
11A,2025-02-04T23:14:00Z,13.9,
11A,2025-02-04T23:14:15Z,13.97,
11A,2025-02-04T23:14:30Z,13.9,
11A,2025-02-04T23:14:45Z,13.85,
11A,2025-02-04T23:15:00Z,13.73,
11A,2025-02-04T23:15:15Z,13.66,
11A,2025-02-04T23:15:30Z,13.68,
11A,2025-02-04T23:15:45Z,13.760000000000002,
11A,2025-02-04T23:16:00Z,13.77,
11A,2025-02-04T23:16:15Z,13.74,
11A,2025-02-04T23:16:30Z,18.62,
11A,2025-02-04T23:16:45Z,18.81,
11A,2025-02-04T23:17:00Z,18.94,
11A,2025-02-04T23:17:15Z,18.82,
11A,2025-02-04T23:17:30Z,18.56,
11A,2025-02-04T23:17:45Z,18.46,
11A,2025-02-04T23:18:00Z,17.54,
11A,2025-02-04T23:18:15Z,17.509999999999998,
11A,2025-02-04T23:18:30Z,17.75,
11A,2025-02-04T23:18:45Z,17.81,
11A,2025-02-04T23:19:00Z,17.76,
11A,2025-02-04T23:19:15Z,17.700000000000003,
11A,2025-02-04T23:19:30Z,17.63,
11A,2025-02-04T23:19:45Z,17.54,
11A,2025-02-04T23:20:00Z,17.49,
11A,2025-02-04T23:20:15Z,17.5,
11A,2025-02-04T23:20:30Z,13.77,
11A,2025-02-04T23:20:45Z,13.78,
11A,2025-02-04T23:21:00Z,14.82,
11A,2025-02-04T23:21:15Z,14.79,
11A,2025-02-04T23:21:30Z,14.73,
11A,2025-02-04T23:21:45Z,14.73,
11A,2025-02-04T23:22:00Z,14.77,
11A,2025-02-04T23:22:15Z,14.75,
11A,2025-02-04T23:22:30Z,14.72,
11A,2025-02-04T23:22:45Z,14.72,
11A,2025-02-04T23:23:00Z,14.65,
11A,2025-02-04T23:23:15Z,14.48,
11A,2025-02-04T23:23:30Z,14.55,
11A,2025-02-04T23:23:45Z,14.48,
11A,2025-02-04T23:24:00Z,13.8,
11A,2025-02-04T23:24:15Z,13.8,
11A,2025-02-04T23:24:30Z,13.8,
11A,2025-02-04T23:24:45Z,13.82,
11A,2025-02-04T23:25:00Z,13.829999999999998,
11A,2025-02-04T23:25:15Z,13.84,
11A,2025-02-04T23:25:30Z,12.82,
11A,2025-02-04T23:25:45Z,13.4,
11A,2025-02-04T23:26:00Z,13.37,
11A,2025-02-04T23:26:15Z,13.33,
11A,2025-02-04T23:26:30Z,13.32,
11A,2025-02-04T23:26:45Z,13.35,
11A,2025-02-04T23:27:00Z,13.33,
11A,2025-02-04T23:27:15Z,13.38,
11A,2025-02-04T23:27:30Z,13.32,
11A,2025-02-04T23:27:45Z,13.38,
11A,2025-02-04T23:28:00Z,13.12,
11A,2025-02-04T23:28:15Z,13.02,
11A,2025-02-04T23:28:30Z,14.080000000000002,
11A,2025-02-04T23:28:45Z,14.080000000000002,
11A,2025-02-04T23:29:00Z,14.079999999999998,
11A,2025-02-04T23:29:15Z,14.03,
11A,2025-02-04T23:29:30Z,17.72,
11A,2025-02-04T23:29:45Z,18.41,
11A,2025-02-04T23:30:00Z,18.15,
11A,2025-02-04T23:30:15Z,17.939999999999998,
11A,2025-02-04T23:30:30Z,17.34,
11A,2025-02-04T23:30:45Z,17.41,
11A,2025-02-04T23:31:00Z,17.28,
11A,2025-02-04T23:31:15Z,17.27,
11A,2025-02-04T23:31:30Z,17.35,
11A,2025-02-04T23:31:45Z,17.36,
11A,2025-02-04T23:32:00Z,17.37,
11A,2025-02-04T23:32:15Z,17.36,
11A,2025-02-04T23:32:30Z,17.29,
11A,2025-02-04T23:32:45Z,17.32,
11A,2025-02-04T23:33:00Z,17.27,
11A,2025-02-04T23:33:15Z,17.25,
11A,2025-02-04T23:33:30Z,16.27,
11A,2025-02-04T23:33:45Z,16.299999999999997,
11A,2025-02-04T23:34:00Z,12.58,
11A,2025-02-04T23:34:15Z,13.56,
11A,2025-02-04T23:34:30Z,13.72,
11A,2025-02-04T23:34:45Z,13.62,
11A,2025-02-04T23:35:00Z,13.56,
11A,2025-02-04T23:35:15Z,13.53,
11A,2025-02-04T23:35:30Z,13.49,
11A,2025-02-04T23:35:45Z,13.53,
11A,2025-02-04T23:36:00Z,13.52,
11A,2025-02-04T23:36:15Z,13.53,
11A,2025-02-04T23:36:30Z,14.56,
11A,2025-02-04T23:36:45Z,14.650000000000002,
11A,2025-02-04T23:37:00Z,14.69,
11A,2025-02-04T23:37:15Z,14.71,
11A,2025-02-04T23:37:30Z,14.58,
11A,2025-02-04T23:37:45Z,14.48,
11A,2025-02-04T23:38:00Z,14.48,
11A,2025-02-04T23:38:15Z,14.49,
11A,2025-02-04T23:38:30Z,14.510000000000002,
11A,2025-02-04T23:38:45Z,14.61,
11A,2025-02-04T23:39:00Z,14.61,
11A,2025-02-04T23:39:15Z,14.59,
11A,2025-02-04T23:39:30Z,14.52,
11A,2025-02-04T23:39:45Z,14.52,
11A,2025-02-04T23:40:00Z,14.54,
11A,2025-02-04T23:40:15Z,14.67,
11A,2025-02-04T23:40:30Z,14.77,
11A,2025-02-04T23:40:45Z,14.66,
11A,2025-02-04T23:41:00Z,14.63,
11A,2025-02-04T23:41:15Z,13.61,
11A,2025-02-04T23:41:30Z,13.659999999999998,
11A,2025-02-04T23:41:45Z,13.73,
11A,2025-02-04T23:42:00Z,13.69,
11A,2025-02-04T23:42:15Z,13.72,
11A,2025-02-04T23:42:30Z,13.65,
11A,2025-02-04T23:42:45Z,17.61,
11A,2025-02-04T23:43:00Z,17.7,
11A,2025-02-04T23:43:15Z,17.44,
11A,2025-02-04T23:43:30Z,17.31,
11A,2025-02-04T23:43:45Z,17.3,
11A,2025-02-04T23:44:00Z,17.25,
11A,2025-02-04T23:44:15Z,18.4,
11A,2025-02-04T23:44:30Z,18.44,
11A,2025-02-04T23:44:45Z,18.45,
11A,2025-02-04T23:45:00Z,18.37,
11A,2025-02-04T23:45:15Z,18.51,
11A,2025-02-04T23:45:30Z,18.48,
11A,2025-02-04T23:45:45Z,18.45,
11A,2025-02-04T23:46:00Z,18.42,
11A,2025-02-04T23:46:15Z,18.42,
11A,2025-02-04T23:46:30Z,18.380000000000003,
11A,2025-02-04T23:46:45Z,18.37,
11A,2025-02-04T23:47:00Z,14.69,
11A,2025-02-04T23:47:15Z,14.66,
11A,2025-02-04T23:47:30Z,14.63,
11A,2025-02-04T23:47:45Z,14.62,
11A,2025-02-04T23:48:00Z,14.67,
11A,2025-02-04T23:48:15Z,14.68,
11A,2025-02-04T23:48:30Z,14.7,
11A,2025-02-04T23:48:45Z,14.69,
11A,2025-02-04T23:49:00Z,13.75,
11A,2025-02-04T23:49:15Z,13.759999999999998,
11A,2025-02-04T23:49:30Z,13.75,
11A,2025-02-04T23:49:45Z,13.739999999999998,
11A,2025-02-04T23:50:00Z,13.04,
11A,2025-02-04T23:50:15Z,13.1,
11A,2025-02-04T23:50:30Z,13.1,
11A,2025-02-04T23:50:45Z,12.03,
11A,2025-02-04T23:51:00Z,12.02,
11A,2025-02-04T23:51:15Z,12.06,
11A,2025-02-04T23:51:30Z,11.97,
11A,2025-02-04T23:51:45Z,12.82,
11A,2025-02-04T23:52:00Z,14.23,
11A,2025-02-04T23:52:15Z,14.2,
11A,2025-02-04T23:52:30Z,13.989999999999998,
11A,2025-02-04T23:52:45Z,14.03,
11A,2025-02-04T23:53:00Z,13.91,
11A,2025-02-04T23:53:15Z,13.88,
11A,2025-02-04T23:53:30Z,13.419999999999998,
11A,2025-02-04T23:53:45Z,13.87,
11A,2025-02-04T23:54:00Z,14.060000000000002,
11A,2025-02-04T23:54:15Z,14.05,
11A,2025-02-04T23:54:30Z,14.079999999999998,
11A,2025-02-04T23:54:45Z,14.18,
11A,2025-02-04T23:55:00Z,14.69,
11A,2025-02-04T23:55:15Z,14.72,
11A,2025-02-04T23:55:30Z,14.73,
11A,2025-02-04T23:55:45Z,14.73,
11A,2025-02-04T23:56:00Z,18.84,
11A,2025-02-04T23:56:15Z,18.78,
11A,2025-02-04T23:56:30Z,18.65,
11A,2025-02-04T23:56:45Z,18.12,
11A,2025-02-04T23:57:00Z,17.11,
11A,2025-02-04T23:57:15Z,16.57,
11A,2025-02-04T23:57:30Z,16.54,
11A,2025-02-04T23:57:45Z,16.520000000000003,
11A,2025-02-04T23:58:00Z,17.43,
11A,2025-02-04T23:58:15Z,17.68,
11A,2025-02-04T23:58:30Z,17.65,
11A,2025-02-04T23:58:45Z,17.6,
11A,2025-02-04T23:59:00Z,17.57,
11A,2025-02-04T23:59:15Z,17.5,
11A,2025-02-04T23:59:30Z,17.51,
11A,2025-02-04T23:59:45Z,17.520000000000003,
